0 0 0 0
0 0 0 0.1
1.15096e-06 0 0 0.2
4.51899e-06 1.15096e-08 0 0.3
1.10057e-05 6.79788e-08 1.15096e-10 0.4
2.12783e-05 2.33146e-07 9.08828e-10 0.5
3.57145e-05 6.06443e-07 4.02494e-09 0.6
5.43642e-05 1.3248e-06 1.31652e-08 0.7
7.69322e-05 2.56043e-06 3.54218e-08 0.8
0.000102782 4.51452e-06 8.29285e-08 0.9
0.000130962 7.40698e-06 1.74751e-07 1
0.000160248 1.14627e-05 3.38896e-07 1.1
0.000189211 1.6895e-05 6.14279e-07 1.2
0.000216293 2.38876e-05 1.05247e-06 1.3
0.000239898 3.2576e-05 1.71901e-06 1.4
0.00025848 4.3029e-05 2.69412e-06 1.5
0.000270643 5.52331e-05 4.07258e-06 1.6
0.000275228 6.90798e-05 5.96264e-06 1.7
0.000271387 8.43567e-05 8.48388e-06 1.8
0.000258652 0.000100745 1.17638e-05 1.9
0.000236974 0.000117823 1.59336e-05 2
0.000206745 0.000135073 2.11223e-05 2.1
0.000168801 0.000151901 2.74505e-05 2.2
0.000124389 0.000167653 3.50232e-05 2.3
7.51263e-05 0.000181646 4.39222e-05 2.4
2.29233e-05 0.000193197 5.41984e-05 2.5
-3.00988e-05 0.000201655 6.58646e-05 2.6
-8.17107e-05 0.000206438 7.88887e-05 2.7
-0.000129683 0.000207063 9.31884e-05 2.8
-0.000171897 0.000203183 0.000108627 2.9
-0.000206455 0.000194606 0.000125011 3
-0.000231773 0.000181322 0.000142091 3.1
-0.000246673 0.000163515 0.000159563 3.2
-0.000250442 0.000141567 0.000177074 3.3
-0.000242875 0.000116054 0.000194231 3.4
-0.000224295 8.7733e-05 0.000210606 3.5
-0.00019554 5.75207e-05 0.000225752 3.6
-0.00015793 2.64601e-05 0.000239216 3.7
-0.000113206 -4.31682e-06 0.000250552 3.8
-6.34435e-05 -3.3634e-05 0.00025934 3.9
-1.09589e-05 -6.03195e-05 0.000265198 4
4.18087e-05 -8.32562e-05 0.0002678 4.1
9.24162e-05 -0.000101432 0.000266892 4.2
0.000138537 -0.000113985 0.000262301 4.3
0.000178079 -0.000120251 0.000253947 4.4
0.000209287 -0.000119792 0.000241851 4.5
0.000230831 -0.000112425 0.000226139 4.6
0.000241873 -9.82398e-05 0.000207041 4.7
0.000242111 -7.76008e-05 0.00018489 4.8
0.00023179 -5.11399e-05 0.000160114 4.9
0.00021169 -1.97371e-05 0.000133226 5
0.000183083 1.55096e-05 0.000104808 5.1
0.000147671 5.33251e-05 7.5497e-05 5.2
0.000107495 9.23057e-05 4.59644e-05 5.3
6.48256e-05 0.000130975 1.68952e-05 5.4
2.2052e-05 0.000167842 -1.10333e-05 5.5
-1.84484e-05 0.000201462 -3.71729e-05 5.6
-5.4431e-05 0.000230496 -6.09263e-05 5.7
-8.39025e-05 0.000253768 -8.17654e-05 5.8
-0.000105225 0.000270307 -9.92491e-05 5.9
-0.0001172 0.000279395 -0.000113037 6
-0.000119139 0.000280593 -0.000122901 6.1
-0.000110891 0.000273759 -0.00012873 6.2
-9.28607e-05 0.000259053 -0.000130534 6.3
-6.59854e-05 0.000236932 -0.000128442 6.4
-3.16897e-05 0.000208129 -0.000122697 6.5
8.18599e-06 0.000173619 -0.000113643 6.6
5.1479e-05 0.000134582 -0.000101717 6.7
9.58137e-05 9.23509e-05 -8.74272e-05 6.8
0.000138723 4.83568e-05 -7.134e-05 6.9
0.000177773 4.06935e-06 -5.40558e-05 7
0.000210691 -3.90623e-05 -3.61904e-05 7.1
0.000235475 -7.96677e-05 -1.83537e-05 7.2
0.000250503 -0.000116509 -1.1301e-06 7.3
0.000254615 -0.000148525 1.49397e-05 7.4
0.000247169 -0.000174876 2.93748e-05 7.5
0.000228081 -0.000194964 4.17674e-05 7.6
0.000197828 -0.000208454 5.17928e-05 7.7
0.000157425 -0.000215279 5.92156e-05 7.79999
0.000108379 -0.000215632 6.38935e-05 7.89999
5.26111e-05 -0.00020995 6.57761e-05 7.99999
-7.63041e-06 -0.000198884 6.49015e-05 8.09999
-6.98849e-05 -0.000183268 6.1389e-05 8.2
-0.000131596 -0.000164072 5.54299e-05 8.3
-0.000190236 -0.000142356 4.72758e-05 8.4
-0.000243423 -0.000119223 3.72254e-05 8.5
-0.000289037 -9.57669e-05 2.56106e-05 8.6
-0.000325314 -7.30298e-05 1.27819e-05 8.7
-0.000350928 -5.19575e-05 -9.04885e-07 8.8
-0.000365043 -3.33644e-05 -1.51022e-05 8.9
-0.00036735 -1.79054e-05 -2.94821e-05 9
-0.000358063 -6.05663e-06 -4.37463e-05 9.1
-0.000337906 1.89516e-06 -5.76335e-05 9.2
-0.000308058 5.85366e-06 -7.09255e-05 9.3
-0.000270092 5.90524e-06 -8.34497e-05 9.4
-0.00022588 2.30331e-06 -9.50803e-05 9.5
-0.000177502 -4.5543e-06 -0.000105737 9.6
-0.000127132 -1.41532e-05 -0.000115382 9.7
-7.69282e-05 -2.58942e-05 -0.000124015 9.8
-2.89318e-05 -3.91267e-05 -0.000131666 9.9
1.50338e-05 -5.31827e-05 -0.000138392 10
5.34442e-05 -6.74086e-05 -0.000144266 10.1
8.51377e-05 -8.11946e-05 -0.000149372 10.2
0.000109359 -9.3999e-05 -0.000153795 10.3
0.000125777 -0.000105368 -0.000157621 10.4
0.000134484 -0.000114948 -0.000160924 10.5
0.000135966 -0.000122493 -0.000163768 10.6
0.000131056 -0.000127867 -0.000166198 10.7
0.000120866 -0.000131034 -0.000168245 10.8
0.000106714 -0.000132055 -0.000169921 10.9
9.0027e-05 -0.000131066 -0.000171217 11
7.22558e-05 -0.000128269 -0.000172112 11.1
5.47815e-05 -0.000123904 -0.000172569 11.2
3.88325e-05 -0.000118239 -0.000172539 11.3
2.54124e-05 -0.000111547 -0.000171966 11.4
1.52432e-05 -0.000104089 -0.000170789 11.5
8.72822e-06 -9.61046e-05 -0.000168944 11.6
5.93395e-06 -8.78004e-05 -0.000166372 11.7
6.59507e-06 -7.93446e-05 -0.000163013 11.8
1.01395e-05 -7.08661e-05 -0.000158818 11.9
1.57331e-05 -6.24571e-05 -0.000153744 12
2.23412e-05 -5.4179e-05 -0.000147756 12.1
2.88025e-05 -4.60715e-05 -0.000140833 12.2
3.39115e-05 -3.81629e-05 -0.000132962 12.3
3.65052e-05 -3.04815e-05 -0.000124144 12.4
3.55463e-05 -2.30669e-05 -0.000114388 12.5
3.02014e-05 -1.59793e-05 -0.000103719 12.6
1.99065e-05 -9.30736e-06 -9.21734e-05 12.7
4.41724e-06 -3.17193e-06 -7.97987e-05 12.8
-1.61596e-05 2.27313e-06 -6.66578e-05 12.9
-4.13557e-05 6.84455e-06 -5.28275e-05 13
-7.03521e-05 1.03372e-05 -3.84005e-05 13.1
-0.000102013 1.25357e-05 -2.34861e-05 13.2
-0.000134937 1.32284e-05 -8.21155e-06 13.3
-0.000167529 1.22251e-05 7.27744e-06 13.4
-0.000198084 9.37471e-06 2.28159e-05 13.5
-0.000224878 4.58418e-06 3.822e-05 13.6
-0.000246266 -2.16461e-06 5.32877e-05 13.7
-0.000260777 -1.07999e-05 6.78008e-05 13.8
-0.000267203 -2.1149e-05 8.1528e-05 13.9
-0.000264675 -3.29318e-05 9.42284e-05 14
-0.00025272 -4.57604e-05 0.000105657 14.1
-0.000231307 -5.91445e-05 0.000115572 14.2
-0.00020086 -7.25031e-05 0.000123739 14.3
-0.00016225 -8.51827e-05 0.000129944 14.4
-0.000116769 -9.64818e-05 0.000133998 14.5
-6.60701e-05 -0.000105679 0.000135747 14.6
-1.20992e-05 -0.000112066 0.000135082 14.7
4.30007e-05 -0.000114981 0.000131945 14.8
9.69905e-05 -0.000113848 0.000126339 14.9
0.000147645 -0.000108204 0.000118331 15
0.000192866 -9.77368e-05 0.000108058 15.1
0.000230785 -8.23053e-05 9.57265e-05 15.2
0.000259864 -6.19626e-05 8.1615e-05 15.3
0.000278973 -3.69658e-05 6.60677e-05 15.4
0.000287449 -7.7793e-06 4.94901e-05 15.5
0.000285138 2.49322e-05 3.23398e-05 15.6
0.000272402 6.03198e-05 1.51153e-05 15.7
0.000250106 9.73762e-05 -1.65702e-06 15.8
0.000219574 0.00013497 -1.7439e-05 15.9
0.000182529 0.000171885 -3.1697e-05 16
0.000141002 0.000206871 -4.39191e-05 16.1
9.72316e-05 0.00023869 -5.36333e-05 16.2
5.35509e-05 0.000266172 -6.04243e-05 16.3
1.22654e-05 0.000288261 -6.39494e-05 16.4
-2.44639e-05 0.000304068 -6.39523e-05 16.5
-5.4733e-05 0.00031291 -6.0275e-05 16.6
-7.69942e-05 0.000314343 -5.28659e-05 16.7
-9.01374e-05 0.000308191 -4.17847e-05 16.8
-9.35486e-05 0.000294556 -2.72037e-05 16.9
-8.71439e-05 0.000273823 -9.40511e-06 17
-7.13751e-05 0.000246647 1.12258e-05 17.1
-4.72079e-05 0.000213937 3.42108e-05 17.2
-1.60734e-05 0.000176818 5.89932e-05 17.3
2.02054e-05 0.000136592 8.49538e-05 17.4
5.95075e-05 9.46861e-05 0.000111431 17.5
9.95237e-05 5.25955e-05 0.00013774 17.6
0.000137877 1.18257e-05 0.000163198 17.7
0.000172249 -2.61699e-05 0.000187143 17.8
0.000200499 -6.00482e-05 0.000208954 17.9
0.00022078 -8.86309e-05 0.000228075 18
0.000231639 -0.000110953 0.000244029 18.1
0.000232093 -0.000126298 0.000256434 18.2
0.00022169 -0.000134233 0.000265011 18.3
0.000200533 -0.000134616 0.000269595 18.4
0.000169284 -0.000127605 0.000270138 18.5
0.000129135 -0.000113648 0.000266703 18.6
8.17532e-05 -9.34601e-05 0.000259464 18.7
2.92013e-05 -6.79904e-05 0.000248696 18.8
-2.61623e-05 -3.83819e-05 0.000234762 18.9
-8.17981e-05 -5.91984e-06 0.000218096 19
-0.000135111 2.80236e-05 0.00019919 19.1
-0.000183576 6.20474e-05 0.000178572 19.2
-0.000224868 9.47802e-05 0.000156789 19.3
-0.000256968 0.000124937 0.000134386 19.4
-0.000278273 0.000151368 0.000111888 19.5
-0.000287666 0.000173109 8.9785e-05 19.6
-0.000284577 0.000189409 6.85154e-05 19.7
-0.000269006 0.00019976 4.84547e-05 19.8
-0.000241529 0.00020391 2.9907e-05 19.9
-0.000203261 0.000201865 1.30994e-05 20
-0.000155808 0.000193882 -1.82054e-06 20.1
-0.000101185 0.000180445 -1.47835e-05 20.2
-4.17192e-05 0.000162239 -2.57941e-05 20.3
2.00644e-05 0.000140114 -3.49244e-05 20.4
8.1562e-05 0.000115037 -4.23044e-05 20.5
0.000140215 8.80525e-05 -4.81109e-05 20.6
0.00019363 6.02278e-05 -5.25558e-05 20.7
0.000239687 3.26093e-05 -5.58728e-05 20.8
0.000276637 6.17675e-06 -5.8305e-05 20.9
0.000303171 -1.8196e-05 -6.00924e-05 21
0.000318477 -3.97741e-05 -6.14609e-05 21.1
0.000322262 -5.79865e-05 -6.26125e-05 21.2
0.000314753 -7.24426e-05 -6.37178e-05 21.3
0.000296669 -8.29396e-05 -6.49103e-05 21.4
0.000269171 -8.94602e-05 -6.62832e-05 21.5
0.000233792 -9.21627e-05 -6.78878e-05 21.6
0.000192346 -9.1363e-05 -6.97352e-05 21.7
0.000146827 -8.75098e-05 -7.17988e-05 21.8
9.9306e-05 -8.11562e-05 -7.40196e-05 21.9
5.18216e-05 -7.29266e-05 -7.63117e-05 22
6.27762e-06 -6.34833e-05 -7.857e-05 22.1
-3.56475e-05 -5.34933e-05 -8.06774e-05 22.2
-7.25775e-05 -4.35967e-05 -8.2513e-05 22.3
-0.000103496 -3.43791e-05 -8.39594e-05 22.4
-0.000127781 -2.63485e-05 -8.491e-05 22.5
-0.00014522 -1.99177e-05 -8.5275e-05 22.6
-0.000155997 -1.53936e-05 -8.49864e-05 22.7001
-0.00016066 -1.29714e-05 -8.40019e-05 22.8001
-0.000160073 -1.27365e-05 -8.23071e-05 22.9001
-0.000155339 -1.46706e-05 -7.99166e-05 23.0001
-0.000147725 -1.86638e-05 -7.68736e-05 23.1001
-0.000138572 -2.45297e-05 -7.32485e-05 23.2001
-0.000129204 -3.20233e-05 -6.91362e-05 23.3001
-0.000120843 -4.08598e-05 -6.46528e-05 23.4001
-0.000114527 -5.0734e-05 -5.99315e-05 23.5001
-0.000111045 -6.13382e-05 -5.51182e-05 23.6001
-0.000110891 -7.23772e-05 -5.03671e-05 23.7001
-0.000114231 -8.35813e-05 -4.58361e-05 23.8001
-0.000120893 -9.47144e-05 -4.16825e-05 23.9001
-0.000130384 -0.000105579 -3.80593e-05 24.0001
-0.00014192 -0.000116016 -3.51113e-05 24.1001
-0.000154477 -0.000125904 -3.29723e-05 24.2001
-0.000166863 -0.000135148 -3.17626e-05 24.3001
-0.000177792 -0.000143675 -3.15868e-05 24.4001
-0.000185972 -0.000151422 -3.25319e-05 24.5001
-0.000190193 -0.000158326 -3.46658e-05 24.6001
-0.000189407 -0.000164312 -3.80364e-05 24.7001
-0.000182809 -0.000169287 -4.26697e-05 24.8001
-0.000169898 -0.00017313 -4.85692e-05 24.9001
-0.000150519 -0.000175695 -5.57143e-05 25.0001
-0.000124893 -0.000176809 -6.40592e-05 25.1001
-9.36195e-05 -0.000176276 -7.35316e-05 25.2001
-5.76582e-05 -0.000173889 -8.40315e-05 25.3001
-1.82901e-05 -0.000169442 -9.54299e-05 25.4001
2.29418e-05 -0.000162742 -0.000107568 25.5001
6.43082e-05 -0.000153634 -0.000120259 25.6001
0.000103982 -0.000142013 -0.000133283 25.7001
0.000140135 -0.000127845 -0.000146394 25.8001
0.000171035 -0.000111182 -0.00015932 25.9001
0.000195142 -9.21787e-05 -0.000171764 26.0001
0.0002112 -7.10979e-05 -0.000183413 26.1001
0.000218305 -4.83172e-05 -0.000193939 26.2001
0.000215965 -2.43265e-05 -0.000203008 26.3001
0.000204137 2.8023e-07 -0.00021029 26.4001
0.000183237 2.48199e-05 -0.000215467 26.5001
0.000154133 4.85408e-05 -0.000218241 26.6001
0.000118102 7.06498e-05 -0.000218347 26.7001
7.67785e-05 9.03434e-05 -0.000215563 26.8001
3.20733e-05 0.000106842 -0.00020972 26.9001
-1.39194e-05 0.000119428 -0.000200711 27.0001
-5.90267e-05 0.000127479 -0.000188501 27.1001
-0.000101107 0.000130504 -0.000173132 27.2001
-0.000138161 0.000128178 -0.000154725 27.3001
-0.000168433 0.000120359 -0.00013349 27.4001
-0.000190507 0.000107113 -0.000109717 27.5001
-0.000203378 8.87234e-05 -8.37746e-05 27.6001
-0.00020651 6.56874e-05 -5.61076e-05 27.7001
-0.000199865 3.87115e-05 -2.72227e-05 27.8001
-0.000183908 8.69056e-06 2.32153e-06 27.9001
-0.000159583 -2.33201e-05 3.19295e-05 28.0001
-0.000128273 -5.61409e-05 6.09849e-05 28.1001
-9.17214e-05 -8.85118e-05 8.88691e-05 28.2001
-5.19469e-05 -0.000119141 0.00011498 28.3001
-1.11377e-05 -0.000146757 0.000138749 28.4001
2.8464e-05 -0.000170162 0.000159663 28.5001
6.46802e-05 -0.000188282 0.000177279 28.6001
9.55133e-05 -0.000200217 0.000191239 28.7001
0.000119254 -0.00020528 0.000201285 28.8001
0.000134573 -0.000203032 0.000207265 28.9001
0.000140599 -0.000193305 0.000209142 29.0001
0.000136965 -0.000176215 0.000206994 29.1001
0.000123835 -0.000152161 0.000201015 29.2001
0.000101902 -0.000121815 0.000191504 29.3001
7.23537e-05 -8.60985e-05 0.000178859 29.4001
3.68205e-05 -4.6148e-05 0.000163565 29.5001
-2.70916e-06 -3.27077e-06 0.000146174 29.6001
-4.39869e-05 4.11066e-05 0.000127289 29.7001
-8.46195e-05 8.54948e-05 0.000107541 29.8001
-0.000122192 0.000128402 8.75734e-05 29.9001
-0.000154392 0.000168396 6.80138e-05 30.0001
-0.000179133 0.000204157 4.9458e-05 30.1001
-0.000194665 0.000234539 3.24493e-05 30.2001
-0.000199666 0.000258608 1.74614e-05 30.3001
-0.000193322 0.000275682 4.885e-06 30.4001
-0.000175368 0.000285359 -4.98343e-06 30.5001
-0.000146115 0.000287525 -1.19484e-05 30.6001
-0.00010644 0.00028236 -1.59187e-05 30.7001
-5.77514e-05 0.000270324 -1.69062e-05 30.8001
-1.92204e-06 0.000252134 -1.50214e-05 30.9001
5.87927e-05 0.000228733 -1.0465e-05 31.0001
0.000121863 0.000201241 -3.51669e-06 31.1001
0.000184605 0.000170907 5.47923e-06 31.2001
0.000244307 0.000139055 1.61294e-05 31.3001
0.000298359 0.000107028 2.80089e-05 31.4001
0.000344379 7.61226e-05 4.06785e-05 31.5001
0.000380327 4.75459e-05 5.37026e-05 31.6001
0.000404595 2.23586e-05 6.66651e-05 31.7001
0.000416091 1.43663e-06 7.91846e-05 31.8001
0.000414283 -1.45613e-05 9.09265e-05 31.9001
0.000399223 -2.52158e-05 0.000101614 32.0001
0.000371539 -3.03577e-05 0.000111032 32.1001
0.000332403 -3.00668e-05 0.000119037 32.2001
0.000283472 -2.46601e-05 0.000125551 32.3001
0.000226801 -1.46699e-05 0.000130563 32.4001
0.000164743 -8.12739e-07 0.000134122 32.5001
9.98357e-05 1.60493e-05 0.000136332 32.6001
3.4681e-05 3.49521e-05 0.00013734 32.7001
-2.81808e-05 5.48761e-05 0.000137323 32.8001
-8.63862e-05 7.47939e-05 0.000136482 32.9001
-0.000137855 9.37168e-05 0.000135024 33.0001
-0.000180881 0.000110737 0.000133153 33.1001
-0.000214201 0.000125065 0.000131058 33.2001
-0.000237039 0.000136061 0.000128902 33.3001
-0.000249129 0.000143254 0.000126819 33.4001
-0.000250708 0.000146359 0.0001249 33.5001
-0.000242483 0.000145278 0.000123195 33.6001
-0.000225577 0.000140099 0.000121711 33.7001
-0.000201458 0.00013108 0.000120411 33.8001
-0.000171843 0.000118628 0.000119218 33.9001
-0.000138604 0.000103277 0.000118019 34.0001
-0.00010366 8.56556e-05 0.000116672 34.1001
-6.88753e-05 6.64507e-05 0.000115016 34.2001
-3.59586e-05 4.63783e-05 0.000112873 34.3
-6.38161e-06 2.61474e-05 0.000110066 34.4
1.86925e-05 6.43043e-06 0.00010642 34.5
3.84585e-05 -1.2164e-05 0.000101773 34.6
5.24971e-05 -2.91129e-05 9.59874e-05 34.7
6.07795e-05 -4.39947e-05 8.89506e-05 34.8
6.36501e-05 -5.64992e-05 8.05844e-05 34.9
6.1787e-05 -6.64315e-05 7.08474e-05 35
5.61441e-05 -7.37087e-05 5.97375e-05 35.1
4.78785e-05 -7.8353e-05 4.72932e-05 35.2
3.82669e-05 -8.04785e-05 3.35924e-05 35.3
2.86172e-05 -8.02758e-05 1.87509e-05 35.4
2.01787e-05 -7.7994e-05 2.9192e-06 35.5
1.40587e-05 -7.39212e-05 -1.37217e-05 35.6
1.11476e-05 -6.83667e-05 -3.09646e-05 35.7
1.20596e-05 -6.1643e-05 -4.85815e-05 35.8
1.709e-05 -5.40517e-05 -6.6329e-05 35.9
2.61931e-05 -4.58717e-05 -8.39537e-05 36
3.89816e-05 -3.73519e-05 -0.000101198 36.1
5.4747e-05 -2.87073e-05 -0.000117803 36.2
7.25011e-05 -2.0119e-05 -0.000133518 36.3
9.10338e-05 -1.17385e-05 -0.000148098 36.4
0.000108987 -3.69392e-06 -0.000161315 36.5
0.000124939 3.90129e-06 -0.000172956 36.6
0.00013749 1.09383e-05 -0.000182828 36.7
0.000145354 1.73032e-05 -0.000190762 36.8
0.000147443 2.28679e-05 -0.000196616 36.9
0.000142939 2.74835e-05 -0.000200275 37
0.000131354 3.09761e-05 -0.000201657 37.1
0.000112572 3.31462e-05 -0.000200712 37.2
8.68704e-05 3.37719e-05 -0.000197428 37.3
5.49178e-05 3.26166e-05 -0.000191833 37.4
1.77504e-05 2.94398e-05 -0.000183993 37.5
-2.32728e-05 2.40119e-05 -0.000174018 37.6
-6.65344e-05 1.61307e-05 -0.000162064 37.7
-0.000110239 5.641e-06 -0.000148327 37.8
-0.000152503 -7.5472e-06 -0.000133051 37.9
-0.000191457 -2.344e-05 -0.00011652 38
-0.000225341 -4.19438e-05 -9.90574e-05 38.1
-0.000252602 -6.28526e-05 -8.10242e-05 38.2
-0.000271981 -8.58407e-05 -6.28093e-05 38.3
-0.000282581 -0.00011046 -4.48247e-05 38.4
-0.000283923 -0.000136144 -2.74964e-05 38.5
-0.000275979 -0.000162219 -1.12546e-05 38.6
-0.000259175 -0.000187923 3.47755e-06 38.7
-0.000234378 -0.000212424 1.62957e-05 38.8
-0.000202854 -0.000234859 2.68266e-05 38.9
-0.000166207 -0.000254356 3.47407e-05 39
-0.000126298 -0.000270081 3.97639e-05 39.1
-8.51481e-05 -0.000281269 4.16885e-05 39.2
-4.48337e-05 -0.000287267 4.03836e-05 39.3
-7.37788e-06 -0.000287564 3.58022e-05 39.4
2.53582e-05 -0.000281825 2.79872e-05 39.5
5.17749e-05 -0.000269917 1.7074e-05 39.6
7.06217e-05 -0.000251921 3.29089e-06 39.7
8.10662e-05 -0.000228148 -1.30443e-05 39.8
8.27418e-05 -0.000199132 -3.15306e-05 39.9
7.57712e-05 -0.000165621 -5.16928e-05 40
6.07636e-05 -0.000128557 -7.29944e-05 40.1
3.87856e-05 -8.90443e-05 -9.48516e-05 40.2
1.13078e-05 -4.83111e-05 -0.000116651 40.3
-1.98711e-05 -7.66517e-06 -0.000137766 40.4
-5.27185e-05 3.15577e-05 -0.000157581 40.5
-8.50759e-05 6.80464e-05 -0.000175504 40.6
-0.000114775 0.000100568 -0.000190992 40.7
-0.000139754 0.000128021 -0.000203564 40.7999
-0.000158174 0.000149481 -0.000212821 40.8999
-0.000168519 0.000164241 -0.000218454 40.9999
-0.000169687 0.000171846 -0.00022026 41.0999
-0.000161053 0.000172115 -0.000218146 41.1999
-0.000142514 0.000165149 -0.000212128 41.2999
-0.000114503 0.000151334 -0.000202338 41.3999
-7.79803e-05 0.000131324 -0.000189012 41.4999
-3.43883e-05 0.000106018 -0.000172481 41.5999
1.4409e-05 7.65226e-05 -0.000153166 41.6999
6.62165e-05 4.41092e-05 -0.000131554 41.7999
0.000118613 1.01602e-05 -0.000108186 41.8999
0.000169073 -2.38878e-05 -8.36335e-05 41.9999
0.000215088 -5.66035e-05 -5.84839e-05 42.0999
0.000254299 -8.66212e-05 -3.33155e-05 42.1999
0.000284611 -0.000112697 -8.68016e-06 42.2999
0.000304307 -0.000133759 1.4915e-05 42.3999
0.000312136 -0.000148954 3.70234e-05 42.4999
0.00030738 -0.000157678 5.72721e-05 42.5999
0.0002899 -0.000159602 7.53713e-05 42.6999
0.000260148 -0.000154681 9.11207e-05 42.7999
0.00021915 -0.000143154 0.000104412 42.8999
0.000168465 -0.000125528 0.000115228 42.9999
0.000110117 -0.000102555 0.000123636 43.0999
4.64977e-05 -7.51931e-05 0.000129782 43.1999
-1.97421e-05 -4.45646e-05 0.000133879 43.2999
-8.58154e-05 -1.19034e-05 0.000136191 43.3999
-0.00014893 2.14996e-05 0.000137022 43.4999
-0.000206419 5.43535e-05 0.000136698 43.5999
-0.000255864 8.54231e-05 0.000135551 43.6999
-0.000295205 0.000113581 0.000133902 43.7999
-0.000322837 0.000137855 0.00013205 43.8999
-0.000337679 0.000157463 0.000130256 43.9999
-0.000339217 0.000171848 0.000128734 44.0999
-0.000327523 0.000180691 0.000127643 44.1999
-0.000303244 0.000183922 0.000127083 44.2999
-0.000267561 0.000181712 0.000127091 44.3999
-0.000222125 0.000174464 0.000127645 44.4999
-0.000168973 0.000162781 0.000128668 44.5999
-0.000110421 0.00014744 0.000130032 44.6999
-4.89511e-05 0.000129346 0.000131569 44.7999
1.29089e-05 0.000109491 0.000133085 44.8999
7.27078e-05 8.89068e-05 0.000134364 44.9999
0.000128184 6.86148e-05 0.000135189 45.0999
0.000177366 4.95843e-05 0.000135349 45.1999
0.000218659 3.26892e-05 0.00013465 45.2999
0.000250907 1.86735e-05 0.000132932 45.3999
0.000273433 8.12266e-06 0.000130072 45.4999
0.000286049 1.44442e-06 0.000125992 45.5999
0.00028905 -1.14229e-06 0.000120666 45.6999
0.000283173 3.90999e-07 0.000114122 45.7999
0.000269538 5.88942e-06 0.000106441 45.8999
0.000249575 1.50299e-05 9.77549e-05 45.9999
0.000224928 2.7343e-05 8.82412e-05 46.0999
0.000197361 4.2241e-05 7.81185e-05 46.1999
0.000168648 5.90489e-05 6.7637e-05 46.2999
0.000140482 7.70387e-05 5.70696e-05 46.3999
0.000114374 9.54633e-05 4.6702e-05 46.4999
9.1581e-05 0.000113589 3.68219e-05 46.5999
7.30391e-05 0.000130728 2.77095e-05 46.6999
5.93249e-05 0.000146259 1.96273e-05 46.7999
5.06346e-05 0.000159654 1.28115e-05 46.8999
4.67876e-05 0.000170491 7.464e-06 46.9999
4.72519e-05 0.000178461 3.74682e-06 47.0999
5.11907e-05 0.000183371 1.77678e-06 47.1999
5.75252e-05 0.000185144 1.62269e-06 47.2999
6.50125e-05 0.000183805 3.30381e-06 47.3998
7.23311e-05 0.000179474 6.78994e-06 47.4998
7.81708e-05 0.000172344 1.20029e-05 47.5998
8.13212e-05 0.000162669 1.88193e-05 47.6998
8.07534e-05 0.000150742 2.70742e-05 47.7998
7.56899e-05 0.000136878 3.65657e-05 47.8998
6.56593e-05 0.000121399 4.70604e-05 47.9998
5.05327e-05 0.00010462 5.82984e-05 48.0998
3.05383e-05 8.68364e-05 6.99997e-05 48.1998
6.25481e-06 6.83215e-05 8.18694e-05 48.2998
-2.14161e-05 4.93215e-05 9.36035e-05 48.3998
-5.12982e-05 3.00569e-05 0.000104895 48.4998
-8.20052e-05 1.07272e-05 0.000115438 48.5998
-0.00011202 -8.48281e-06 0.000124934 48.6998
-0.00013978 -2.7394e-05 0.000133095 48.7998
-0.000163772 -4.58241e-05 0.000139652 48.8998
-0.00018262 -6.3579e-05 0.000144354 48.9998
-0.000195166 -8.04449e-05 0.000146977 49.0998
-0.000200551 -9.61839e-05 0.000147325 49.1998
-0.000198261 -0.000110531 0.000145239 49.2998
-0.000188173 -0.000123198 0.000140594 49.3998
-0.000170567 -0.000133877 0.000133312 49.4998
-0.000146123 -0.000142251 0.000123358 49.5998
-0.000115889 -0.000148008 0.000110748 49.6998
-8.12332e-05 -0.000150856 9.55501e-05 49.7998
-4.37761e-05 -0.000150543 7.78882e-05 49.8998
-5.30675e-06 -0.000146879 5.79421e-05 49.9998
3.23109e-05 -0.00013975 3.59477e-05 50.0998
6.72372e-05 -0.000129144 1.21963e-05 50.1998
9.77557e-05 -0.000115161 -1.29684e-05 50.2998
0.000122367 -9.80268e-05 -3.91551e-05 50.3998
0.000139873 -7.80998e-05 -6.59305e-05 50.4998
0.00014944 -5.58715e-05 -9.28276e-05 50.5998
0.000150654 -3.19595e-05 -0.000119355 50.6998
0.000143542 -7.09539e-06 -0.000145009 50.7998
0.000128572 1.7896e-05 -0.000169283 50.8998
0.000106639 4.21223e-05 -0.000191686 50.9998
7.90131e-05 6.46557e-05 -0.00021175 51.0998
4.72745e-05 8.45686e-05 -0.000229051 51.1998
1.3231e-05 0.000100972 -0.000243215 51.2998
-2.11802e-05 0.000113057 -0.000253938 51.3998
-5.39982e-05 0.000120129 -0.00026099 51.4998
-8.33458e-05 0.000121649 -0.000264231 51.5998
-0.000107535 0.00011726 -0.000263614 51.6998
-0.000125162 0.000106814 -0.000259188 51.7998
-0.000135189 9.03886e-05 -0.000251101 51.8998
-0.000137007 6.82924e-05 -0.0002396 51.9998
-0.000130473 4.10643e-05 -0.00022502 52.0998
-0.000115928 9.46001e-06 -0.000207779 52.1998
-9.41869e-05 -2.55706e-05 -0.000188366 52.2998
-6.64971e-05 -6.29153e-05 -0.000167325 52.3998
-3.44815e-05 -0.00010134 -0.000145239 52.4998
-5.45624e-08 -0.000139535 -0.000122715 52.5998
3.46763e-05 -0.000176167 -0.000100359 52.6998
6.75219e-05 -0.000209932 -7.87607e-05 52.7998
9.6329e-05 -0.000239612 -5.84743e-05 52.8998
0.000119098 -0.00026412 -3.99993e-05 52.9998
0.000134092 -0.000282555 -2.37655e-05 53.0998
0.000139941 -0.000294236 -1.01196e-05 53.1998
0.000135719 -0.000298734 6.85083e-07 53.2998
0.000121007 -0.000295893 8.49561e-06 53.3998
9.59235e-05 -0.000285839 1.32623e-05 53.4998
6.11382e-05 -0.000268977 1.50379e-05 53.5998
1.78457e-05 -0.000245973 1.39734e-05 53.6998
-3.22809e-05 -0.000217731 1.03094e-05 53.7998
-8.71637e-05 -0.000185355 4.36503e-06 53.8997
-0.000144415 -0.0001501 -3.47655e-06 53.9997
-0.000201449 -0.000113321 -1.27844e-05 54.0997
-0.000255609 -7.64185e-05 -2.30975e-05 54.1997
-0.000304288 -4.07746e-05 -3.39439e-05 54.2997
-0.000345068 -7.69752e-06 -4.48586e-05 54.3997
-0.000375831 2.16342e-05 -5.54017e-05 54.4997
-0.000394867 4.6221e-05 -6.51744e-05 54.5997
-0.000400965 6.52829e-05 -7.38332e-05 54.6997
-0.000393472 7.82912e-05 -8.11008e-05 54.7997
-0.000372334 8.49879e-05 -8.67745e-05 54.8997
-0.000338099 8.53938e-05 -9.07306e-05 54.9997
-0.000291898 7.98035e-05 -9.29254e-05 55.0997
-0.000235395 6.87689e-05 -9.33929e-05 55.1997
-0.000170712 5.3071e-05 -9.22388e-05 55.2997
-0.00010033 3.36822e-05 -8.96316e-05 55.3997
-2.69751e-05 1.17202e-05 -8.57913e-05 55.4997
4.65063e-05 -1.16039e-05 -8.09759e-05 55.5997
0.000117282 -3.50406e-05 -7.54667e-05 55.6997
0.00018266 -5.73584e-05 -6.95533e-05 55.7997
0.000240214 -7.73979e-05 -6.3518e-05 55.8997
0.000287891 -9.41225e-05 -5.76214e-05 55.9997
0.000324096 -0.000106662 -5.20898e-05 56.0997
0.000347766 -0.000114348 -4.7104e-05 56.1997
0.000358401 -0.000116741 -4.27906e-05 56.2997
0.000356084 -0.000113642 -3.92167e-05 56.3997
0.000341456 -0.000105103 -3.63871e-05 56.4997
0.000315678 -9.14099e-05 -3.42446e-05 56.5997
0.000280361 -7.30748e-05 -3.26738e-05 56.6997
0.000237478 -5.08013e-05 -3.1507e-05 56.7997
0.000189258 -2.5452e-05 -3.05331e-05 56.8997
0.000138071 1.9935e-06 -2.95084e-05 56.9997
8.63117e-05 3.04848e-05 -2.81687e-05 57.0997
3.6278e-05 5.89478e-05 -2.62425e-05 57.1997
-9.93454e-06 8.63322e-05 -2.34643e-05 57.2997
-5.05307e-05 0.000111656 -1.95882e-05 57.3997
-8.40926e-05 0.000134045 -1.43997e-05 57.4997
-0.000109636 0.000152769 -7.72667e-06 57.5997
-0.000126642 0.000167264 5.51288e-07 57.6997
-0.000135064 0.000177152 1.04964e-05 57.7997
-0.000135307 0.000182252 2.2108e-05 57.8997
-0.000128187 0.000182575 3.53211e-05 57.9997
-0.000114869 0.000178317 5.00067e-05 58.0997
-9.67822e-05 0.000169845 6.59754e-05 58.1997
-7.55319e-05 0.000157667 8.29828e-05 58.2997
-5.27981e-05 0.000142411 0.000100737 58.3997
-3.0235e-05 0.000124786 0.000118908 58.4997
-9.37488e-06 0.000105552 0.000137138 58.5997
8.45905e-06 8.54846e-05 0.000155052 58.6997
2.2225e-05 6.53425e-05 0.00017227 58.7997
3.1217e-05 4.58386e-05 0.000188419 58.8997
3.50987e-05 2.76142e-05 0.000203142 58.9997
3.39143e-05 1.122e-05 0.00021611 59.0997
2.80768e-05 -2.89838e-06 0.000227029 59.1997
1.83345e-05 -1.44077e-05 0.000235649 59.2997
5.71782e-06 -2.30891e-05 0.000241768 59.3997
-8.52991e-06 -2.88339e-05 0.000245238 59.4997
-2.30345e-05 -3.16348e-05 0.000245968 59.5997
-3.63796e-05 -3.15738e-05 0.000243922 59.6997
-4.7198e-05 -2.88058e-05 0.000239121 59.7997
-5.42595e-05 -2.35425e-05 0.000231641 59.8997
-5.65507e-05 -1.60345e-05 0.000221608 59.9997
-5.33417e-05 -6.55527e-06 0.0002092 60.0997
-4.42362e-05 4.61366e-06 0.000194633 60.1997
-2.92016e-05 1.71943e-05 0.000178167 60.2997
-8.57855e-06 3.09207e-05 0.000160091 60.3997
1.69327e-05 4.55438e-05 0.000140723 60.4996
4.63062e-05 6.08326e-05 0.000120403 60.5996
7.82444e-05 7.65718e-05 9.94881e-05 60.6996
0.000111248 9.25569e-05 7.83435e-05 60.7996
0.000143699 0.000108587 5.73412e-05 60.8996
0.000173951 0.000124455 3.68512e-05 60.9996
0.00020042 0.000139943 1.72374e-05 61.0996
0.000221681 0.000154808 -1.14946e-06 61.1996
0.000236542 0.000168782 -1.79767e-05 61.2996
0.000244123 0.000181567 -3.29364e-05 61.3996
0.000243901 0.000192832 -4.5751e-05 61.4996
0.000235753 0.000202221 -5.61798e-05 61.5996
0.000219958 0.000209362 -6.40246e-05 61.6996
0.000197196 0.000213876 -6.91355e-05 61.7996
0.000168508 0.000215392 -7.14163e-05 61.8996
0.000135246 0.000213571 -7.08291e-05 61.9996
9.89978e-05 0.000208123 -6.73978e-05 62.0996
6.15082e-05 0.000198829 -6.12113e-05 62.1996
2.45781e-05 0.000185561 -5.24244e-05 62.2996
-1.0031e-05 0.000168303 -4.12577e-05 62.3996
-4.06956e-05 0.000147166 -2.79953e-05 62.4996
-6.60205e-05 0.0001224 -1.29814e-05 62.5996
-8.49176e-05 9.43947e-05 3.38638e-06 62.6996
-9.66683e-05 6.36866e-05 2.06642e-05 62.7996
-0.000100966 3.09448e-05 3.83723e-05 62.8996
-9.79354e-05 -3.04192e-06 5.60061e-05 62.9996
-8.81291e-05 -3.73871e-05 7.30494e-05 63.0996
-7.2499e-05 -7.11353e-05 8.89884e-05 63.1996
-5.23457e-05 -0.000103296 0.000103326 63.2996
-2.92476e-05 -0.000132881 0.000115598 63.3996
-4.97362e-06 -0.000158944 0.000125384 63.4996
1.86157e-05 -0.000180625 0.000132328 63.5996
3.96744e-05 -0.000197184 0.000136142 63.6996
5.64769e-05 -0.000208041 0.000136622 63.7996
6.75202e-05 -0.000212806 0.000133656 63.8996
7.16141e-05 -0.000211304 0.000127226 63.9996
6.79565e-05 -0.000203586 0.00011741 64.0996
5.61883e-05 -0.000189944 0.000104384 64.1996
3.64254e-05 -0.000170897 8.84147e-05 64.2996
9.26436e-06 -0.000147183 6.98525e-05 64.3996
-2.4237e-05 -0.000119735 4.91199e-05 64.4996
-6.26054e-05 -8.96428e-05 2.66987e-05 64.5996
-0.00010402 -5.81172e-05 3.11411e-06 64.6996
-0.000146404 -2.64383e-05 -2.10828e-05 64.7996
-0.000187524 4.09457e-06 -4.53332e-05 64.8996
-0.00022511 3.2217e-05 -6.90894e-05 64.9996
-0.000256973 5.6753e-05 -9.18325e-05 65.0996
-0.000281123 7.66659e-05 -0.00011309 65.1996
-0.000295877 9.11034e-05 -0.000132449 65.2996
-0.000299957 9.94355e-05 -0.000149574 65.3996
-0.000292565 0.000101284 -0.000164208 65.4996
-0.00027344 9.65384e-05 -0.000176187 65.5996
-0.00024288 8.5366e-05 -0.000185439 65.6996
-0.000201747 6.82032e-05 -0.000191983 65.7996
-0.000151435 4.5739e-05 -0.000195925 65.8996
-9.38138e-05 1.88865e-05 -0.00019745 65.9996
-3.11487e-05 -1.12565e-05 -0.000196812 66.0996
3.40013e-05 -4.34539e-05 -0.000194318 66.1996
9.89006e-05 -7.63854e-05 -0.000190316 66.2996
0.000160765 -0.000108703 -0.000185175 66.3996
0.000216894 -0.000139091 -0.000179268 66.4996
0.000264795 -0.000166321 -0.00017296 66.5996
0.00030231 -0.000189306 -0.000166586 66.6996
0.000327711 -0.000207148 -0.000160439 66.7996
0.000339791 -0.000219174 -0.000154759 66.8996
0.000337919 -0.000224966 -0.000149723 66.9995
0.000322071 -0.000224377 -0.000145439 67.0995
0.000292834 -0.000217535 -0.000141945 67.1995
0.000251378 -0.000204832 -0.000139207 67.2995
0.000199401 -0.000186911 -0.000137125 67.3995
0.000139047 -0.000164629 -0.000135541 67.4995
7.28089e-05 -0.00013902 -0.000134248 67.5995
3.40713e-06 -0.000111244 -0.000133002 67.6995
-6.63352e-05 -8.25401e-05 -0.000131539 67.7995
-0.000133624 -5.41636e-05 -0.000129586 67.8995
-0.000195823 -2.7336e-05 -0.000126879 67.9995
-0.000250572 -3.18864e-06 -0.000123176 68.0995
-0.000295889 1.7285e-05 -0.000118273 68.1995
-0.000330261 3.32713e-05 -0.000112015 68.2995
-0.000352694 4.41694e-05 -0.000104304 68.3995
-0.000362756 4.96142e-05 -9.51083e-05 68.4995
-0.000360579 4.9488e-05 -8.44653e-05 68.5995
-0.000346834 4.39216e-05 -7.24828e-05 68.6995
-0.000322687 3.32836e-05 -5.93362e-05 68.7995
-0.000289724 1.81597e-05 -4.52634e-05 68.8995
-0.000249863 -6.77204e-07 -3.05564e-05 68.9995
-0.000205245 -2.23048e-05 -1.55506e-05 69.0995
-0.000158122 -4.56943e-05 -6.12335e-07 69.1995
-0.000110739 -6.97572e-05 1.38751e-05 69.2995
-6.52244e-05 -9.33936e-05 2.75262e-05 69.3995
-2.34797e-05 -0.000115539 3.99682e-05 69.4995
1.29045e-05 -0.000135209 5.0855e-05 69.5995
4.27211e-05 -0.000151537 5.98812e-05 69.6995
6.51937e-05 -0.000163808 6.67933e-05 69.7995
8.00008e-05 -0.000171484 7.13993e-05 69.8995
8.72738e-05 -0.000174215 7.35765e-05 69.9995
8.75707e-05 -0.000171854 7.32758e-05 70.0995
8.18274e-05 -0.000164447 7.05237e-05 70.1995
7.12891e-05 -0.000152228 6.5422e-05 70.2995
5.74263e-05 -0.000135597 5.81438e-05 70.3995
4.18404e-05 -0.000115099 4.89281e-05 70.4995
2.61638e-05 -9.13904e-05 3.80722e-05 70.5995
1.19612e-05 -6.52121e-05 2.59217e-05 70.6995
6.35891e-07 -3.73507e-05 1.28598e-05 70.7995
-6.65175e-06 -8.60728e-06 -7.04192e-07 70.8995
-9.05099e-06 2.02347e-05 -1.43472e-05 70.9995
-6.0679e-06 4.8438e-05 -2.76444e-05 71.0995
2.40898e-06 7.53354e-05 -4.01808e-05 71.1995
1.61056e-05 0.000100348 -5.1562e-05 71.2995
3.43823e-05 0.000123 -6.14241e-05 71.3995
5.62747e-05 0.000142921 -6.94419e-05 71.4995
8.05539e-05 0.000159852 -7.53362e-05 71.5995
0.000105801 0.000173638 -7.88785e-05 71.6995
0.000130495 0.00018422 -7.98957e-05 71.7995
0.000153101 0.000191625 -7.82717e-05 71.8995
0.000172167 0.000195945 -7.39488e-05 71.9995
0.000186408 0.000197328 -6.69269e-05 72.0995
0.000194788 0.000195959 -5.72625e-05 72.1995
0.000196578 0.000192047 -4.50659e-05 72.2995
0.000191407 0.000185809 -3.04981e-05 72.3995
0.000179287 0.000177463 -1.37673e-05 72.4995
0.000160613 0.000167224 4.87586e-06 72.5995
0.000136148 0.000155295 2.51425e-05 72.6995
0.000106982 0.000141873 4.67106e-05 72.7995
7.44742e-05 0.00012715 6.92304e-05 72.8995
4.0178e-05 0.000111322 9.23293e-05 72.9995
5.75573e-06 9.4592e-05 0.000115618 73.0995
-2.71131e-05 7.7184e-05 0.000138697 73.1995
-5.68257e-05 5.93482e-05 0.00016116 73.2995
-8.19458e-05 4.13688e-05 0.000182606 73.3995
-0.000101284 2.35686e-05 0.000202639 73.4995
-0.000113965 6.31064e-06 0.000220881 73.5994
-0.000119477 -1.00044e-05 0.000236978 73.6994
-0.000117702 -2.49444e-05 0.000250604 73.7994
-0.000108922 -3.80564e-05 0.000261476 73.8994
-9.38052e-05 -4.88818e-05 0.000269352 73.9994
-7.33651e-05 -5.69741e-05 0.000274045 74.0994
-4.89074e-05 -6.19201e-05 0.000275429 74.1994
-2.19538e-05 -6.33625e-05 0.000273439 74.2994
5.84412e-06 -6.10228e-05 0.000268081 74.3994
3.28002e-05 -5.47233e-05 0.000259432 74.4994
5.72907e-05 -4.44071e-05 0.000247641 74.5994
7.78492e-05 -3.01535e-05 0.00023293 74.6994
9.32531e-05 -1.2189e-05 0.000215588 74.7994
0.000102597 9.10776e-06 0.000195968 74.8994
0.000105349 3.3208e-05 0.00017448 74.9994
0.000101385 5.94423e-05 0.000151579 75.0994
9.10035e-05 8.70174e-05 0.000127756 75.1994
7.49107e-05 0.00011504 0.000103527 75.2994
5.41882e-05 0.000142546 7.94119e-05 75.3994
3.02348e-05 0.000168537 5.59285e-05 75.4994
4.69065e-06 0.000192019 3.35713e-05 75.5994
-2.06539e-05 0.000212043 1.27985e-05 75.6994
-4.39598e-05 0.000227748 -5.98181e-06 75.7994
-6.34452e-05 0.000238398 -2.24248e-05 75.8994
-7.7491e-05 0.000243422 -3.62596e-05 75.9994
-8.4739e-05 0.00024244 -4.72976e-05 76.0994
-8.41783e-05 0.000235288 -5.54382e-05 76.1994
-7.52139e-05 0.000222035 -6.06716e-05 76.2994
-5.77145e-05 0.000202982 -6.30779e-05 76.3994
-3.20359e-05 0.000178662 -6.28235e-05 76.4994
9.81756e-07 0.000149819 -6.01544e-05 76.5994
4.00424e-05 0.000117389 -5.53855e-05 76.6994
8.3448e-05 8.24575e-05 -4.88888e-05 76.7994
0.000129175 4.62224e-05 -4.10787e-05 76.8994
0.000174972 9.94376e-06 -3.23956e-05 76.9994
0.000218466 -2.5108e-05 -2.3289e-05 77.0994
0.000257284 -5.77058e-05 -1.42007e-05 77.1994
0.000289174 -8.67186e-05 -5.54744e-06 77.2994
0.000312124 -0.000111161 2.29413e-06 77.3994
0.000324469 -0.000130236 9.00115e-06 77.4994
0.000324984 -0.000143371 1.43158e-05 77.5994
0.000312957 -0.000150246 1.80536e-05 77.6994
0.000288237 -0.000150806 2.01084e-05 77.7994
0.000251256 -0.000145266 2.0454e-05 77.8994
0.000203017 -0.000134104 1.91425e-05 77.9994
0.000145066 -0.000118039 1.62984e-05 78.0994
7.9418e-05 -9.79984e-05 1.2111e-05 78.1994
8.48057e-06 -7.5083e-05 6.82254e-06 78.2994
-6.50601e-05 -5.05129e-05 7.14989e-07 78.3994
-0.000138359 -2.5576e-05 -5.90484e-06 78.4994
-0.000208541 -1.57022e-06 -1.27214e-05 78.5994
-0.000272837 2.02544e-05 -1.94264e-05 78.6994
-0.000328709 3.87512e-05 -2.57346e-05 78.7994
-0.00037397 5.29286e-05 -3.1398e-05 78.8994
-0.000406885 6.19937e-05 -3.62181e-05 78.9994
-0.000426248 6.5388e-05 -4.00561e-05 79.0994
-0.00043144 6.28114e-05 -4.28396e-05 79.1994
-0.000422453 5.42358e-05 -4.45666e-05 79.2994
-0.000399886 3.99053e-05 -4.53056e-05 79.3994
-0.000364915 2.03247e-05 -4.51925e-05 79.4994
-0.00031923 -3.76341e-06 -4.44242e-05 79.5994
-0.000264954 -3.14128e-05 -4.32493e-05 79.6994
-0.000204539 -6.1516e-05 -4.19561e-05 79.7994
-0.000140644 -9.28537e-05 -4.08584e-05 79.8994
-7.60113e-05 -0.000124149 -4.02807e-05 79.9994
-1.33366e-05 -0.000154125 -4.05417e-05 80.0993
4.48578e-05 -0.000181557 -4.19385e-05 80.1993
9.63365e-05 -0.000205329 -4.47316e-05 80.2993
0.00013925 -0.000224478 -4.91305e-05 80.3993
0.000172213 -0.000238236 -5.5283e-05 80.4993
0.000194356 -0.00024606 -6.3265e-05 80.5993
0.000205356 -0.000247652 -7.30749e-05 80.6993
0.00020543 -0.000242969 -8.46306e-05 80.7993
0.000195311 -0.000232217 -9.77697e-05 80.8993
0.000176193 -0.000215847 -0.000112253 80.9993
0.000149653 -0.000194519 -0.000127773 81.0993
0.000117563 -0.000169083 -0.00014396 81.1993
8.19758e-05 -0.000140529 -0.000160398 81.2993
4.50195e-05 -0.000109948 -0.000176637 81.3993
8.77797e-06 -7.84852e-05 -0.00019221 81.4993
-2.48157e-05 -4.72866e-05 -0.000206645 81.5993
-5.40777e-05 -1.74569e-05 -0.000219487 81.6993
-7.76562e-05 9.98636e-06 -0.000230309 81.7993
-9.45931e-05 3.41502e-05 -0.000238727 81.8993
-0.000104364 5.42978e-05 -0.000244417 81.9993
-0.000106893 6.98717e-05 -0.00024712 82.0993
-0.000102543 8.0508e-05 -0.000246652 82.1993
-9.20793e-05 8.60422e-05 -0.000242913 82.2993
-7.66171e-05 8.65056e-05 -0.000235885 82.3993
-5.75449e-05 8.21139e-05 -0.000225632 82.4993
-3.64372e-05 7.32482e-05 -0.000212303 82.5993
-1.49574e-05 6.04301e-05 -0.000196117 82.6993
5.24267e-06 4.42926e-05 -0.000177366 82.7993
2.26208e-05 2.5548e-05 -0.000156399 82.8993
3.5835e-05 4.95473e-06 -0.000133612 82.9993
4.3821e-05 -1.67154e-05 -0.00010944 83.0993
4.58532e-05 -3.87075e-05 -8.43399e-05 83.1993
4.15858e-05 -6.03102e-05 -5.87837e-05 83.2993
3.1071e-05 -8.08788e-05 -3.32429e-05 83.3993
1.47548e-05 -9.98515e-05 -8.17841e-06 83.4993
-6.54996e-06 -0.000116761 1.59694e-05 83.5993
-3.17117e-05 -0.000131242 3.87898e-05 83.6993
-5.93458e-05 -0.000143027 5.99099e-05 83.7993
-8.78951e-05 -0.000151945 7.90007e-05 83.8993
-0.000115719 -0.000157914 9.5782e-05 83.9993
-0.000141189 -0.000160924 0.000110026 84.0993
-0.000162779 -0.000161027 0.000121561 84.1993
-0.000179158 -0.000158321 0.00013027 84.2993
-0.000189258 -0.000152938 0.000136093 84.3993
-0.000192345 -0.000145028 0.000139026 84.4993
-0.00018805 -0.000134751 0.000139118 84.5993
-0.0001764 -0.000122268 0.000136472 84.6993
-0.000157811 -0.000107739 0.000131238 84.7993
-0.000133065 -9.13203e-05 0.000123614 84.8993
-0.000103268 -7.31701e-05 0.000113841 84.9993
-6.97892e-05 -5.34508e-05 0.000102198 85.0993
-3.41788e-05 -3.23384e-05 8.89984e-05 85.1993
1.91477e-06 -1.0031e-05 7.45854e-05 85.2993
3.68386e-05 1.3242e-05 5.93263e-05 85.3993
6.90286e-05 3.72118e-05 4.36063e-05 85.4993
9.70964e-05 6.15637e-05 2.78224e-05 85.5993
0.000119907 8.59335e-05 1.23759e-05 85.6993
0.000136643 0.000109908 -2.33504e-06 85.7993
0.000146846 0.000133026 -1.59236e-05 85.8993
0.000150445 0.000154794 -2.80226e-05 85.9993
0.000147755 0.00017469 -3.82934e-05 86.0993
0.000139457 0.000192187 -4.64344e-05 86.1993
0.000126557 0.00020677 -5.21892e-05 86.2993
0.000110324 0.000217962 -5.53544e-05 86.3993
9.22144e-05 0.000225344 -5.57864e-05 86.4993
7.37837e-05 0.000228583 -5.34072e-05 86.5993
5.65907e-05 0.000227455 -4.8208e-05 86.6992
4.21032e-05 0.000221861 -4.02522e-05 86.7992
3.16065e-05 0.000211848 -2.96753e-05 86.8992
2.61211e-05 0.000197618 -1.66832e-05 86.9992
2.63361e-05 0.00017953 -1.54798e-06 87.0992
3.25598e-05 0.000158099 1.5398e-05 87.1992
4.46923e-05 0.000133986 3.37709e-05 87.2992
6.22215e-05 0.000107978 5.31461e-05 87.3992
8.42422e-05 8.09636e-05 7.30695e-05 87.4992
0.000109499 5.39032e-05 9.30719e-05 87.5992
0.000136452 2.77905e-05 0.000112683 87.6992
0.000163355 3.61333e-06 0.000131444 87.7992
0.000188355 -1.76881e-05 0.000148928 87.8992
0.000209593 -3.5263e-05 0.000164745 87.9992
0.000225314 -4.83892e-05 0.000178562 88.0992
0.000233968 -5.65088e-05 0.00019011 88.1992
0.000234312 -5.92575e-05 0.000199191 88.2992
0.000225483 -5.64861e-05 0.000205689 88.3992
0.000207068 -4.82731e-05 0.000209564 88.4992
0.000179143 -3.49285e-05 0.000210861 88.5992
0.000142286 -1.69852e-05 0.0002097 88.6992
9.7571e-05 4.81769e-06 0.000206272 88.7992
4.65248e-05 2.95626e-05 0.00020083 88.8992
-8.93029e-06 5.61898e-05 0.000193674 88.9992
-6.65625e-05 8.35407e-05 0.000185145 89.0992
-0.000123933 0.000110407 0.000175599 89.1992
-0.00017851 0.000135581 0.000165401 89.2992
-0.000227792 0.000157913 0.000154905 89.3992
-0.000269433 0.000176357 0.000144439 89.4992
-0.000301359 0.000190025 0.000134292 89.5992
-0.000321874 0.000198221 0.000124703 89.6992
-0.000329755 0.000200481 0.000115848 89.7992
-0.000324316 0.000196593 0.00010784 89.8992
-0.00030545 0.000186608 0.00010072 89.9992
-0.000273651 0.000170843 9.44584e-05 90.0992
-0.000229993 0.00014987 8.89607e-05 90.1992
-0.000176092 0.000124488 8.40721e-05 90.2992
-0.000114033 9.56974e-05 7.95876e-05 90.3992
-4.62827e-05 6.4648e-05 7.52643e-05 90.4992
2.44241e-05 3.25954e-05 7.08348e-05 90.5992
9.52099e-05 8.43458e-07 6.60229e-05 90.6992
0.000163186 -2.9313e-05 6.05592e-05 90.7992
0.000225583 -5.66458e-05 5.41967e-05 90.8992
0.000279882 -8.00478e-05 4.67259e-05 90.9992
0.000323927 -9.85828e-05 3.79873e-05 91.0992
0.000356023 -0.000111527 2.7883e-05 91.1992
0.00037501 -0.000118402 1.63847e-05 91.2992
0.000380312 -0.000118994 3.53841e-06 91.3992
0.000371961 -0.000113368 -1.05332e-05 91.4992
0.000350581 -0.000101861 -2.56331e-05 91.5992
0.000317359 -8.50669e-05 -4.14953e-05 91.6992
0.000273973 -6.38128e-05 -5.77932e-05 91.7992
0.00022251 -3.91207e-05 -7.41513e-05 91.8992
0.000165358 -1.21625e-05 -9.01592e-05 91.9992
0.000105086 1.57909e-05 -0.000105387 92.0992
4.43199e-05 4.34254e-05 -0.000119403 92.1992
-1.43864e-05 6.94407e-05 -0.000131791 92.2992
-6.86708e-05 9.26053e-05 -0.000142166 92.3992
-0.000116473 0.000111809 -0.000150194 92.4992
-0.000156127 0.000126111 -0.000155602 92.5992
-0.00018643 0.000134773 -0.000158192 92.6992
-0.000206691 0.000137293 -0.000157853 92.7992
-0.000216747 0.000133422 -0.000154563 92.8992
-0.000216956 0.000123169 -0.000148392 92.9992
-0.00020816 0.000106799 -0.000139506 93.0992
-0.000191628 8.48171e-05 -0.000128157 93.1992
-0.000168974 5.79407e-05 -0.000114679 93.2991
-0.000142059 2.70689e-05 -9.94737e-05 93.3991
-0.000112889 -6.75955e-06 -8.30033e-05 93.4991
-8.34959e-05 -4.24117e-05 -6.57704e-05 93.5991
-5.58289e-05 -7.87084e-05 -4.8304e-05 93.6991
-3.16505e-05 -0.000114472 -3.11416e-05 93.7991
-1.24423e-05 -0.000148574 -1.48125e-05 93.8991
6.69256e-07 -0.000179978 1.78913e-07 93.9991
6.96767e-06 -0.000207773 1.33688e-05 94.0991
6.17745e-06 -0.000231209 2.43473e-05 94.1991
-1.52997e-06 -0.000249717 3.27702e-05 94.2991
-1.55548e-05 -0.000262917 3.83682e-05 94.3991
-3.4911e-05 -0.000270631 4.09534e-05 94.4991
-5.82893e-05 -0.000272871 4.04227e-05 94.5991
-8.4137e-05 -0.000269833 3.67591e-05 94.6991
-0.000110751 -0.000261873 3.00296e-05 94.7991
-0.000136375 -0.000249481 2.03811e-05 94.8991
-0.000159307 -0.000233261 8.0339e-06 94.9991
-0.000177988 -0.000213887 -6.72622e-06 95.0991
-0.000191099 -0.000192083 -2.3558e-05 95.1991
-0.000197628 -0.000168585 -4.20749e-05 95.2991
-0.000196931 -0.000144111 -6.1857e-05 95.3991
-0.000188764 -0.000119343 -8.24616e-05 95.4991
-0.000173297 -9.49003e-05 -0.000103435 95.5991
-0.000151103 -7.1327e-05 -0.000124323 95.6991
-0.000123122 -4.90815e-05 -0.000144681 95.7991
-9.06145e-05 -2.85323e-05 -0.000164083 95.8991
-5.5081e-05 -9.95953e-06 -0.00018213 95.9991
-1.81853e-05 6.44036e-06 -0.000198455 96.0991
1.83411e-05 2.0545e-05 -0.000212731 96.1991
5.2794e-05 3.22949e-05 -0.000224674 96.2991
8.35896e-05 4.16801e-05 -0.000234048 96.3991
0.000109351 4.87271e-05 -0.000240664 96.4991
0.000128981 5.34864e-05 -0.000244386 96.5991
0.000141721 5.6022e-05 -0.00024513 96.6991
0.000147188 5.6403e-05 -0.000242862 96.7991
0.00014539 5.46992e-05 -0.000237601 96.8991
0.000136724 5.09793e-05 -0.000229418 96.9991
0.000121944 4.53129e-05 -0.00021843 97.0991
0.000102119 3.77754e-05 -0.000204805 97.1991
7.85601e-05 2.84555e-05 -0.000188754 97.2991
5.27501e-05 1.74646e-05 -0.000170532 97.3991
2.62502e-05 4.94652e-06 -0.000150429 97.4991
6.10102e-07 -8.91226e-06 -0.000128772 97.5991
-2.27227e-05 -2.38744e-05 -0.000105917 97.6991
-4.24872e-05 -3.96455e-05 -8.22413e-05 97.7991
-5.7682e-05 -5.58709e-05 -5.81397e-05 97.8991
-6.76227e-05 -7.21371e-05 -3.40154e-05 97.9991
-7.19805e-05 -8.7977e-05 -1.02724e-05 98.0991
-7.08003e-05 -0.00010288 1.26936e-05 98.1991
-6.44953e-05 -0.000116306 3.45039e-05 98.2991
-5.38211e-05 -0.000127706 5.4806e-05 98.3991
-3.98284e-05 -0.000136542 7.32831e-05 98.4991
-2.37973e-05 -0.000142313 8.96619e-05 98.5991
-7.15842e-06 -0.000144579 0.000103721 98.6991
8.59734e-06 -0.000142988 0.000115297 98.7991
2.20126e-05 -0.000137298 0.00012429 98.8991
3.17575e-05 -0.000127399 0.000130667 98.9991
3.67173e-05 -0.000113327 0.000134464 99.0991
3.60694e-05 -9.52777e-05 0.000135783 99.1991
2.93437e-05 -7.3604e-05 0.000134791 99.2991
1.64646e-05 -4.88168e-05 0.000131715 99.3991
-2.2298e-06 -2.15716e-05 0.000126834 99.4991
-2.59923e-05 7.35117e-06 0.000120469 99.5991
-5.36944e-05 3.70717e-05 0.000112972 99.6991
-8.38775e-05 6.66435e-05 0.000104717 99.799
-0.000114824 9.50908e-05 9.6081e-05 99.899
-0.000144645 0.000121449 8.7435e-05 99.999
