0 0 0 0
0 0 0 0.1
2.01364e-07 0 0 0.2
8.01102e-07 2.01364e-09 0 0.3
1.98762e-06 1.1998e-08 2.01364e-11 0.4
3.93671e-06 4.16189e-08 1.60052e-10 0.5
6.80777e-06 1.09776e-07 7.14556e-10 0.6
1.07405e-05 2.43823e-07 2.35967e-09 0.7
1.58523e-05 4.80422e-07 6.41942e-09 0.8
2.22354e-05 8.65999e-07 1.52192e-08 0.9
2.99557e-05 1.45676e-06 3.25268e-08 1
3.90517e-05 2.31827e-06 6.40767e-08 1.1
4.95336e-05 3.52458e-06 1.18169e-07 1.2
6.13841e-05 5.1569e-06 2.06325e-07 1.3
7.45588e-05 7.302e-06 3.43986e-07 1.4
8.89881e-05 1.00501e-05 5.51228e-07 1.5
0.000104579 1.34926e-05 8.53459e-07 1.6
0.000121217 1.77195e-05 1.28208e-06 1.7
0.000138771 2.28171e-05 1.87508e-06 1.8
0.000157094 2.88647e-05 2.67749e-06 1.9
0.000176027 3.59328e-05 3.74178e-06 2
0.000195406 4.40799e-05 5.12798e-06 2.1
0.000215061 5.33508e-05 6.90369e-06 2.2
0.000234821 6.37743e-05 9.14388e-06 2.3
0.00025452 7.5362e-05 1.19304e-05 2.4
0.000273998 8.81069e-05 1.53512e-05 2.5
0.000293104 0.000101983 1.94996e-05 2.6
0.000311697 0.000116946 2.44728e-05 2.7
0.000329654 0.000132931 3.03707e-05 2.8
0.000346865 0.000149858 3.72942e-05 2.9
0.000363238 0.00016763 4.53434e-05 3
0.000378697 0.000186134 5.46154e-05 3.1
0.000393187 0.00020525 6.52027e-05 3.2
0.000406668 0.000224844 7.71904e-05 3.3
0.00041912 0.000244779 9.06546e-05 3.4
0.000430536 0.000264917 0.00010566 3.5
0.000440926 0.000285119 0.000122258 3.6
0.000450313 0.00030525 0.000140485 3.7
0.000458729 0.000325184 0.000160359 3.8
0.000466219 0.000344805 0.000181882 3.9
0.000472832 0.000364011 0.000205033 4
0.000478625 0.000382716 0.000229775 4.1
0.000483656 0.00040085 0.000256046 4.2
0.000487986 0.000418364 0.000283765 4.3
0.000491675 0.000435229 0.00031283 4.4
0.000494781 0.000451433 0.000343119 4.5
0.00049736 0.000466989 0.000374491 4.6
0.000499465 0.000481923 0.000406788 4.7
0.000501141 0.000496281 0.000439837 4.8
0.000502432 0.000510123 0.00047345 4.9
0.000503374 0.000523522 0.000507429 5
0.000504001 0.000536558 0.00054157 5.1
0.00050434 0.000549319 0.00057566 5.2
0.000504414 0.000561893 0.000609487 5.3
0.000504244 0.000574369 0.000642838 5.4
0.000503847 0.000586828 0.000675505 5.5
0.000503237 0.000599344 0.000707284 5.6
0.000502428 0.000611978 0.000737984 5.7
0.000501431 0.000624777 0.000767425 5.8
0.000500258 0.000637769 0.000795438 5.9
0.00049892 0.000650962 0.000821875 6
0.000497427 0.000664344 0.000846603 6.1
0.000495789 0.00067788 0.000869508 6.2
0.000494016 0.000691511 0.000890497 6.3
0.000492117 0.000705157 0.000909496 6.4
0.000490098 0.000718716 0.000926452 6.5
0.000487962 0.000732066 0.000941331 6.6
0.000485708 0.000745067 0.000954116 6.7
0.000483333 0.000757566 0.000964811 6.8
0.000480824 0.000769395 0.000973434 6.9
0.000478164 0.000780378 0.000980016 7
0.000475325 0.000790336 0.000984602 7.1
0.000472272 0.000799086 0.000987246 7.2
0.000468959 0.00080645 0.000988007 7.3
0.000465328 0.000812254 0.000986953 7.4
0.000461313 0.000816336 0.000984153 7.5
0.000456835 0.000818546 0.000979674 7.6
0.000451806 0.00081875 0.000973583 7.7
0.000446127 0.000816833 0.000965945 7.79999
0.000439691 0.0008127 0.000956815 7.89999
0.000432384 0.000806279 0.000946244 7.99999
0.000424087 0.000797518 0.000934273 8.09999
0.000414678 0.00078639 0.000920935 8.2
0.000404035 0.00077289 0.000906252 8.3
0.000392037 0.000757036 0.000890234 8.4
0.000378569 0.000738863 0.000872885 8.5
0.000363524 0.000718428 0.000854196 8.6
0.000346808 0.000695801 0.000834149 8.7
0.000328337 0.000671068 0.000812718 8.8
0.000308047 0.000644325 0.000789871 8.9
0.000285894 0.000615673 0.000765569 9
0.000261853 0.000585223 0.000739767 9.1
0.000235925 0.000553085 0.00071242 9.2
0.000208134 0.000519369 0.00068348 9.3
0.000178531 0.000484181 0.000652899 9.4
0.000147193 0.000447624 0.00062063 9.5
0.000114222 0.000409793 0.000586632 9.6
7.97474e-05 0.000370774 0.000550864 9.7
4.39191e-05 0.000330646 0.000513297 9.8
6.91057e-06 0.000289477 0.000473902 9.9
-3.10862e-05 0.000247327 0.000432663 10
-6.98632e-05 0.000204246 0.000389571 10.1
-0.0001092 0.000160277 0.000344626 10.2
-0.000148866 0.000115457 0.000297837 10.3
-0.000188629 6.98178e-05 0.000249225 10.4
-0.000228253 2.33879e-05 0.000198818 10.5
-0.000267507 -2.38041e-05 0.000146657 10.6
-0.000306167 -7.17285e-05 9.27917e-05 10.7
-0.000344023 -0.000120352 3.72809e-05 10.8
-0.000380878 -0.000169636 -1.98062e-05 10.9
-0.000416556 -0.000219534 -7.83916e-05 11
-0.000450902 -0.000269991 -0.000138388 11.1
-0.000483785 -0.000320941 -0.000199701 11.2
-0.000515102 -0.000372307 -0.000262227 11.3
-0.000544776 -0.000424 -0.000325853 11.4
-0.000572758 -0.00047592 -0.00039046 11.5
-0.000599028 -0.000527953 -0.000455922 11.6
-0.000623594 -0.000579977 -0.000522105 11.7
-0.000646487 -0.000631858 -0.000588866 11.8
-0.000667765 -0.000683455 -0.000656057 11.9
-0.000687505 -0.000734622 -0.000723522 12
-0.000705805 -0.000785206 -0.000791098 12.1
-0.000722775 -0.000835056 -0.000858615 12.2
-0.000738539 -0.000884018 -0.000925897 12.3
-0.000753225 -0.000931944 -0.00099276 12.4
-0.000766968 -0.000978691 -0.00105901 12.5
-0.0007799 -0.00102412 -0.00112447 12.6
-0.000792148 -0.00106812 -0.00118891 12.7
-0.000803833 -0.00111056 -0.00125215 12.8
-0.000815062 -0.00115135 -0.00131398 12.9
-0.000825929 -0.00119041 -0.00137418 13
-0.000836509 -0.00122765 -0.00143254 13.1
-0.000846859 -0.00126304 -0.00148885 13.2
-0.000857015 -0.00129652 -0.0015429 13.3
-0.000866989 -0.00132807 -0.00159449 13.4
-0.000876775 -0.00135767 -0.00164341 13.5
-0.000886342 -0.00138532 -0.00168948 13.6
-0.000895637 -0.00141103 -0.00173251 13.7
-0.000904591 -0.00143479 -0.00177232 13.8
-0.000913112 -0.00145663 -0.00180876 13.9
-0.000921097 -0.00147655 -0.00184167 14
-0.000928424 -0.00149457 -0.00187094 14.1
-0.000934965 -0.0015107 -0.00189644 14.2
-0.000940582 -0.00152492 -0.00191808 14.3
-0.000945133 -0.00153723 -0.00193579 14.4
-0.000948472 -0.0015476 -0.00194951 14.5
-0.000950456 -0.00155601 -0.00195922 14.6
-0.000950947 -0.00156239 -0.0019649 14.7
-0.000949811 -0.00156668 -0.00196654 14.8
-0.000946924 -0.0015688 -0.00196419 14.9
-0.000942172 -0.00156865 -0.00195789 15
-0.000935456 -0.00156614 -0.0019477 15.1
-0.000926686 -0.00156113 -0.00193368 15.2
-0.000915791 -0.0015535 -0.00191595 15.3
-0.000902713 -0.00154312 -0.00189459 15.4
-0.000887408 -0.00152985 -0.00186971 15.5
-0.00086985 -0.00151356 -0.00184144 15.6
-0.000850025 -0.0014941 -0.00180988 15.7
-0.000827934 -0.00147137 -0.00177517 15.8
-0.00080359 -0.00144524 -0.00173742 15.9
-0.000777018 -0.00141561 -0.00169675 16
-0.000748255 -0.00138241 -0.00165327 16.1
-0.000717345 -0.00134557 -0.00160708 16.2
-0.000684342 -0.00130507 -0.00155827 16.3
-0.000649306 -0.00126089 -0.00150693 16.4
-0.000612304 -0.00121306 -0.00145313 16.5
-0.000573408 -0.00116162 -0.00139694 16.6
-0.000532696 -0.00110665 -0.00133838 16.7
-0.000490247 -0.00104826 -0.00127751 16.8
-0.000446147 -0.000986584 -0.00121435 16.9
-0.000400485 -0.000921779 -0.00114891 17
-0.000353354 -0.000854032 -0.0010812 17.1
-0.00030485 -0.00078355 -0.00101122 17.2
-0.000255077 -0.000710558 -0.000938958 17.3
-0.000204141 -0.000635295 -0.000864414 17.4
-0.000152155 -0.000558012 -0.000787579 17.5
-9.9238e-05 -0.000478966 -0.000708449 17.6
-4.55156e-05 -0.000398417 -0.000627024 17.7
8.87956e-06 -0.000316626 -0.000543312 17.8
6.38078e-05 -0.000233846 -0.000457334 17.9
0.000119122 -0.000150325 -0.000369121 18
0.00017467 -6.62968e-05 -0.00027872 18.1
0.00023029 1.80166e-05 -0.000186195 18.2
0.000285818 0.000102411 -9.16277e-05 18.3
0.000341084 0.000186698 4.88009e-06 18.4
0.000395915 0.000270712 0.000103206 18.5
0.000450137 0.000354302 0.000203207 18.6
0.000503577 0.00043734 0.000304719 18.7
0.000556064 0.000519713 0.000407557 18.8
0.000607431 0.000601329 0.000511517 18.9
0.000657519 0.000682108 0.000616375 19
0.000706178 0.000761983 0.00072189 19.1
0.000753269 0.0008409 0.000827806 19.2
0.000798668 0.000918809 0.000933853 19.3
0.000842267 0.000995667 0.00103975 19.4
0.000883973 0.00107143 0.00114521 19.5
0.000923714 0.00114606 0.00124992 19.6
0.000961436 0.0012195 0.0013536 19.7
0.000997109 0.00129171 0.00145594 19.8
0.00103072 0.00136261 0.00155664 19.9
0.00106227 0.00143213 0.00165539 20
0.0010918 0.00150018 0.00175192 20.1
0.00111935 0.00156667 0.00184592 20.2
0.00114498 0.00163148 0.00193714 20.3
0.00116876 0.00169448 0.00202529 20.4
0.00119079 0.00175553 0.00211014 20.5
0.00121115 0.00181448 0.00219144 20.6
0.00122995 0.00187117 0.00226898 20.7
0.00124729 0.00192542 0.00234253 20.8
0.00126326 0.00197706 0.00241192 20.9
0.00127795 0.00202591 0.00247695 21
0.00129146 0.0020718 0.00253748 21.1
0.00130385 0.00211453 0.00259334 21.2
0.00131518 0.00215395 0.00264442 21.3
0.00132548 0.00218988 0.0026906 21.4
0.00133477 0.00222218 0.00273177 21.5
0.00134305 0.0022507 0.00276784 21.6
0.00135028 0.00227532 0.00279874 21.7
0.00135641 0.00229591 0.00282441 21.8
0.00136137 0.0023124 0.00284479 21.9
0.00136507 0.0023247 0.00285985 22
0.00136737 0.00233276 0.00286955 22.1
0.00136815 0.00233653 0.00287389 22.2
0.00136725 0.00233599 0.00287286 22.3
0.0013645 0.00233113 0.00286645 22.4
0.00135972 0.00232196 0.0028547 22.5
0.00135274 0.0023085 0.00283761 22.6
0.00134336 0.00229076 0.00281524 22.7001
0.0013314 0.0022688 0.00278761 22.8001
0.0013167 0.00224265 0.00275481 22.9001
0.00129907 0.00221237 0.00271688 23.0001
0.00127839 0.00217799 0.0026739 23.1001
0.00125451 0.00213958 0.00262597 23.2001
0.00122733 0.00209719 0.00257317 23.3001
0.00119677 0.00205085 0.00251561 23.4001
0.00116277 0.00200062 0.00245341 23.5001
0.00112532 0.00194654 0.00238667 23.6001
0.00108441 0.00188865 0.00231554 23.7001
0.0010401 0.00182698 0.00224014 23.8001
0.000992435 0.00176158 0.0021606 23.9001
0.000941533 0.00169248 0.00207707 24.0001
0.00088752 0.00161971 0.0019897 24.1001
0.000830556 0.00154332 0.00189863 24.2001
0.000770821 0.00146336 0.00180401 24.3001
0.000708523 0.00137988 0.00170598 24.4001
0.000643886 0.00129294 0.00160469 24.5001
0.00057715 0.00120264 0.00150028 24.6001
0.000508565 0.00110905 0.00139289 24.7001
0.000438392 0.0010123 0.00128267 24.8001
0.000366895 0.00091251 0.00116974 24.9001
0.000294338 0.000809838 0.00105424 25.0001
0.000220981 0.000704455 0.000936297 25.1001
0.00014708 0.000596556 0.000816035 25.2001
7.28816e-05 0.000486357 0.000693577 25.3001
-1.38128e-06 0.000374095 0.000569048 25.4001
-7.54877e-05 0.000260028 0.000442569 25.5001
-0.000149232 0.000144432 0.000314265 25.6001
-0.000222427 2.75966e-05 0.000184262 25.7001
-0.0002949 -9.01719e-05 5.26932e-05 25.8001
-0.000366496 -0.000208559 -8.03046e-05 25.9001
-0.000437079 -0.000327243 -0.000214585 26.0001
-0.000506527 -0.000445899 -0.000349992 26.1001
-0.000574735 -0.000564202 -0.000486358 26.2001
-0.000641612 -0.000681832 -0.000623503 26.3001
-0.000707078 -0.000798476 -0.00076123 26.4001
-0.000771066 -0.000913834 -0.000899331 26.5001
-0.000833516 -0.00102762 -0.00103758 26.6001
-0.000894378 -0.00113956 -0.00117572 26.7001
-0.000953604 -0.00124942 -0.00131351 26.8001
-0.00101115 -0.00135695 -0.00145065 26.9001
-0.00106699 -0.00146197 -0.00158686 27.0001
-0.00112106 -0.00156428 -0.00172181 27.1001
-0.00117335 -0.00166374 -0.0018552 27.2001
-0.0012238 -0.00176021 -0.00198666 27.3001
-0.00127237 -0.00185358 -0.00211587 27.4001
-0.00131903 -0.00194376 -0.00224245 27.5001
-0.00136373 -0.00203067 -0.00236604 27.6001
-0.00140643 -0.00211428 -0.00248628 27.7001
-0.00144707 -0.00219452 -0.0026028 27.8001
-0.00148561 -0.00227138 -0.00271524 27.9001
-0.00152201 -0.00234481 -0.00282323 28.0001
-0.00155621 -0.0024148 -0.00292645 28.1001
-0.00158818 -0.00248132 -0.00302455 28.2001
-0.00161787 -0.00254434 -0.00311721 28.3001
-0.00164524 -0.00260383 -0.00320415 28.4001
-0.00167026 -0.00265973 -0.00328508 28.5001
-0.00169289 -0.00271199 -0.00335976 28.6001
-0.00171311 -0.00276054 -0.00342796 28.7001
-0.0017309 -0.00280529 -0.00348949 28.8001
-0.00174622 -0.00284614 -0.00354418 28.9001
-0.00175908 -0.00288296 -0.00359188 29.0001
-0.00176945 -0.00291564 -0.0036325 29.1001
-0.00177732 -0.00294403 -0.00366595 29.2001
-0.00178269 -0.00296796 -0.00369217 29.3001
-0.00178554 -0.00298729 -0.00371116 29.4001
-0.00178586 -0.00300184 -0.00372291 29.5001
-0.00178363 -0.00301144 -0.00372745 29.6001
-0.00177884 -0.00301592 -0.00372482 29.7001
-0.00177147 -0.00301511 -0.00371511 29.8001
-0.00176148 -0.00300888 -0.0036984 29.9001
-0.00174884 -0.00299706 -0.00367479 30.0001
-0.00173351 -0.00297954 -0.00364441 30.1001
-0.00171543 -0.00295621 -0.00360737 30.2001
-0.00169457 -0.00292698 -0.00356383 30.3001
-0.00167084 -0.00289179 -0.00351392 30.4001
-0.00164419 -0.00285062 -0.00345778 30.5001
-0.00161454 -0.00280345 -0.00339557 30.6001
-0.00158182 -0.00275032 -0.00332745 30.7001
-0.00154596 -0.00269127 -0.00325355 30.8001
-0.00150688 -0.00262639 -0.00317403 30.9001
-0.00146452 -0.0025558 -0.00308903 31.0001
-0.00141882 -0.00247962 -0.0029987 31.1001
-0.00136973 -0.00239803 -0.00290318 31.2001
-0.00131721 -0.0023112 -0.0028026 31.3001
-0.00126126 -0.00221935 -0.00269712 31.4001
-0.00120185 -0.00212269 -0.00258685 31.5001
-0.00113902 -0.00202147 -0.00247195 31.6001
-0.00107282 -0.00191593 -0.00235254 31.7001
-0.0010033 -0.00180632 -0.00222876 31.8001
-0.000930576 -0.00169291 -0.00210076 31.9001
-0.000854767 -0.00157596 -0.00196868 32.0001
-0.000776028 -0.00145571 -0.00183267 32.1001
-0.000694543 -0.00133244 -0.0016929 32.2001
-0.000610521 -0.0012064 -0.00154952 32.3001
-0.000524198 -0.00107783 -0.0014027 32.4001
-0.000435837 -0.000946971 -0.00125264 32.5001
-0.000345718 -0.000814057 -0.00109953 32.6001
-0.000254144 -0.000679315 -0.000943554 32.7001
-0.000161431 -0.000542964 -0.000784939 32.8001
-6.79053e-05 -0.000405217 -0.000623905 32.9001
2.6097e-05 -0.000266284 -0.000460684 33.0001
0.000120239 -0.000126371 -0.000295518 33.1001
0.000214184 1.43171e-05 -0.000128662 33.2001
0.000307603 0.000155574 3.96248e-05 33.3001
0.000400175 0.000297191 0.000209071 33.4001
0.000491597 0.000438957 0.000379398 33.5001
0.00058158 0.000580654 0.000550321 33.6001
0.000669859 0.000722056 0.000721547 33.7001
0.000756195 0.000862932 0.000892778 33.8001
0.000840371 0.00100304 0.00106371 33.9001
0.000922204 0.00114213 0.00123404 34.0001
0.00100154 0.00127993 0.00140344 34.1001
0.00107824 0.00141619 0.00157162 34.2001
0.00115222 0.00155062 0.00173823 34.3
0.00122341 0.00168295 0.00190297 34.4
0.00129177 0.00181288 0.00206552 34.5
0.00135728 0.00194012 0.00222553 34.6
0.00141994 0.00206439 0.00238269 34.7
0.00147979 0.0021854 0.00253667 34.8
0.00153686 0.00230287 0.00268713 34.9
0.0015912 0.00241651 0.00283376 35
0.00164289 0.00252608 0.00297621 35.1
0.00169197 0.00263132 0.00311415 35.2
0.00173853 0.00273199 0.00324728 35.3
0.00178262 0.00282788 0.00337524 35.4
0.0018243 0.00291879 0.00349774 35.5
0.00186361 0.00300455 0.00361444 35.6
0.00190059 0.00308499 0.00372505 35.7
0.00193526 0.00315999 0.00382925 35.8
0.00196763 0.00322944 0.00392676 35.9
0.00199767 0.00329324 0.0040173 36
0.00202537 0.00335133 0.0041006 36.1
0.00205066 0.00340365 0.00417641 36.2
0.0020735 0.00345017 0.00424448 36.3
0.00209378 0.00349086 0.00430462 36.4
0.00211142 0.00352572 0.00435662 36.5
0.00212631 0.00355475 0.00440031 36.6
0.00213833 0.00357795 0.00443554 36.7
0.00214735 0.00359532 0.0044622 36.8
0.00215324 0.00360689 0.00448018 36.9
0.00215588 0.00361265 0.00448944 37
0.00215511 0.00361262 0.00448993 37.1
0.00215083 0.00360678 0.00448164 37.2
0.0021429 0.00359513 0.00446461 37.3
0.00213122 0.00357765 0.00443888 37.4
0.00211568 0.00355432 0.00440454 37.5
0.0020962 0.00352511 0.00436169 37.6
0.00207271 0.00348997 0.00431048 37.7
0.00204516 0.00344887 0.00425107 37.8
0.0020135 0.00340175 0.00418363 37.9
0.00197773 0.00334857 0.00410838 38
0.00193783 0.00328927 0.00402552 38.1
0.00189382 0.00322383 0.00393531 38.2
0.00184576 0.0031522 0.00383798 38.3
0.00179367 0.00307436 0.00373379 38.4
0.00173764 0.00299031 0.00362301 38.5
0.00167775 0.00290006 0.0035059 38.6
0.00161409 0.00280365 0.00338273 38.7
0.00154678 0.00270113 0.00325377 38.8
0.00147593 0.00259259 0.00311929 38.9
0.00140168 0.00247816 0.00297953 39
0.00132416 0.00235797 0.00283477 39.1
0.00124352 0.00223221 0.00268523 39.2
0.00115992 0.0021011 0.00253117 39.3
0.00107352 0.00196488 0.00237281 39.4
0.000984475 0.00182382 0.00221036 39.5
0.000892969 0.00167823 0.00204405 39.6
0.000799176 0.00152845 0.00187408 39.7
0.00070328 0.00137483 0.00170066 39.8
0.000605471 0.00121776 0.00152398 39.9
0.000505944 0.00105762 0.00134423 40
0.000404901 0.000894833 0.00116162 40.1
0.000302554 0.000729816 0.000976344 40.2
0.000199118 0.000562991 0.0007886 40.3
9.48169e-05 0.000394783 0.0005986 40.4
-1.01162e-05 0.000225614 0.000406562 40.5
-0.000115443 5.5897e-05 0.000212714 40.6
-0.000220916 -0.000113965 1.72982e-05 40.7
-0.000326284 -0.000283584 -0.00017943 40.7999
-0.000431287 -0.000452589 -0.0003772 40.8999
-0.000535665 -0.000620626 -0.000575724 40.9999
-0.000639151 -0.000787365 -0.000774697 41.0999
-0.00074148 -0.000952495 -0.000973796 41.1999
-0.000842386 -0.00111573 -0.00117268 41.2999
-0.000941607 -0.0012768 -0.001371 41.3999
-0.00103889 -0.00143546 -0.00156837 41.4999
-0.00113398 -0.00159148 -0.00176442 41.5999
-0.00122664 -0.00174466 -0.00195874 41.6999
-0.00131665 -0.00189479 -0.00215091 41.7999
-0.0014038 -0.00204171 -0.00234053 41.8999
-0.00148789 -0.00218524 -0.00252715 41.9999
-0.00156876 -0.00232521 -0.00271036 42.0999
-0.00164626 -0.00246147 -0.00288972 42.1999
-0.00172025 -0.00259386 -0.00306479 42.2999
-0.00179063 -0.00272222 -0.00323515 42.3999
-0.00185732 -0.0028464 -0.00340039 42.4999
-0.00192027 -0.00296622 -0.00356008 42.5999
-0.00197944 -0.00308153 -0.00371384 42.6999
-0.00203482 -0.00319213 -0.00386127 42.7999
-0.00208643 -0.00329786 -0.00400201 42.8999
-0.00213428 -0.00339851 -0.00413571 42.9999
-0.00217843 -0.00349389 -0.00426204 43.0999
-0.00221893 -0.0035838 -0.00438069 43.1999
-0.00225585 -0.00366803 -0.00449137 43.2999
-0.00228927 -0.00374637 -0.00459381 43.3999
-0.00231926 -0.00381861 -0.00468778 43.4999
-0.00234591 -0.00388456 -0.00477306 43.5999
-0.00236928 -0.003944 -0.00484945 43.6999
-0.00238944 -0.00399674 -0.00491679 43.7999
-0.00240645 -0.00404262 -0.00497493 43.8999
-0.00242035 -0.00408146 -0.00502374 43.9999
-0.00243117 -0.0041131 -0.00506314 44.0999
-0.00243892 -0.00413743 -0.00509303 44.1999
-0.00244359 -0.00415433 -0.00511336 44.2999
-0.00244515 -0.00416372 -0.00512411 44.3999
-0.00244355 -0.00416552 -0.00512525 44.4999
-0.00243871 -0.0041597 -0.0051168 44.5999
-0.00243057 -0.00414624 -0.00509877 44.6999
-0.00241901 -0.00412515 -0.00507122 44.7999
-0.00240392 -0.00409645 -0.00503421 44.8999
-0.00238516 -0.00406021 -0.00498781 44.9999
-0.00236261 -0.0040165 -0.00493215 45.0999
-0.00233612 -0.0039654 -0.00486733 45.1999
-0.00230555 -0.00390703 -0.00479348 45.2999
-0.00227078 -0.00384151 -0.00471078 45.3999
-0.00223166 -0.00376898 -0.00461938 45.4999
-0.00218808 -0.00368957 -0.00451948 45.5999
-0.00213995 -0.00360345 -0.00441127 45.6999
-0.00208718 -0.00351078 -0.00429499 45.7999
-0.00202972 -0.0034117 -0.00417087 45.8999
-0.00196755 -0.0033064 -0.00403916 45.9999
-0.00190065 -0.00319504 -0.00390012 46.0999
-0.00182907 -0.00307779 -0.00375402 46.1999
-0.00175287 -0.00295481 -0.00360117 46.2999
-0.00167214 -0.00282628 -0.00344185 46.3999
-0.00158702 -0.00269236 -0.00327638 46.4999
-0.00149767 -0.00255323 -0.00310506 46.5999
-0.00140428 -0.00240906 -0.00292823 46.6999
-0.00130709 -0.00226003 -0.00274621 46.7999
-0.00120634 -0.00210634 -0.00255932 46.8999
-0.0011023 -0.00194817 -0.0023679 46.9999
-0.000995288 -0.00178575 -0.00217229 47.0999
-0.000885606 -0.00161928 -0.00197281 47.1999
-0.000773587 -0.00144901 -0.0017698 47.2999
-0.000659571 -0.0012752 -0.00156358 47.3998
-0.000543904 -0.00109812 -0.00135447 47.4998
-0.000426933 -0.000918054 -0.0011428 47.5998
-0.000309005 -0.000735326 -0.000928885 47.6998
-0.000190462 -0.000550271 -0.000713033 47.7998
-7.16387e-05 -0.000363246 -0.000495553 47.8998
4.71434e-05 -0.000174627 -0.00027675 47.9998
0.000165574 1.51877e-05 -5.69264e-05 48.0998
0.00028336 0.000205785 0.000163619 48.1998
0.000400221 0.000396737 0.000384586 48.2998
0.0005159 0.000587602 0.000605674 48.3998
0.000630153 0.000777931 0.000826582 48.4998
0.000742758 0.000967269 0.001047 48.5998
0.000853508 0.00115516 0.00126663 48.6998
0.000962214 0.00134115 0.00148514 48.7998
0.00106871 0.00152478 0.00170221 48.8998
0.00117282 0.00170564 0.0019175 48.9998
0.00127443 0.00188328 0.00213068 49.0998
0.00137338 0.00205731 0.00234138 49.1998
0.00146956 0.00222734 0.00254924 49.2998
0.00156286 0.00239301 0.00275388 49.3998
0.00165317 0.00255398 0.00295492 49.4998
0.00174039 0.00270996 0.00315194 49.5998
0.00182443 0.00286067 0.00334455 49.6998
0.0019052 0.00300585 0.00353231 49.7998
0.0019826 0.00314528 0.00371481 49.8998
0.00205654 0.00327879 0.00389162 49.9998
0.00212695 0.0034062 0.0040623 50.0998
0.00219375 0.00352738 0.00422641 50.1998
0.00225684 0.00364222 0.00438354 50.2998
0.00231616 0.00375061 0.00453325 50.3998
0.00237163 0.00385249 0.00467514 50.4998
0.00242317 0.00394778 0.0048088 50.5998
0.00247072 0.00403644 0.00493385 50.6998
0.00251423 0.00411841 0.00504993 50.7998
0.00255363 0.00419366 0.00515669 50.8998
0.00258887 0.00426214 0.00525382 50.9998
0.00261993 0.0043238 0.00534103 51.0998
0.00264675 0.0043786 0.00541807 51.1998
0.00266932 0.00442647 0.00548472 51.2998
0.00268762 0.00446735 0.00554078 51.3998
0.00270164 0.00450117 0.00558611 51.4998
0.00271137 0.00452785 0.0056206 51.5998
0.00271682 0.00454728 0.00564415 51.6998
0.00271801 0.00455938 0.00565673 51.7998
0.00271493 0.00456404 0.00565834 51.8998
0.00270762 0.00456116 0.00564901 51.9998
0.00269609 0.00455061 0.0056288 52.0998
0.00268036 0.00453231 0.00559781 52.1998
0.00266045 0.00450613 0.00555616 52.2998
0.00263638 0.004472 0.00550401 52.3998
0.00260816 0.00442984 0.00544154 52.4998
0.00257581 0.00437957 0.00536896 52.5998
0.00253933 0.00432116 0.00528648 52.6998
0.00249873 0.00425459 0.00519435 52.7998
0.002454 0.00417986 0.00509282 52.8998
0.00240514 0.00409699 0.00498216 52.9998
0.00235214 0.00400606 0.00486265 53.0998
0.00229498 0.00390716 0.00473457 53.1998
0.00223365 0.00380041 0.00459822 53.2998
0.00216813 0.00368597 0.00445389 53.3998
0.00209842 0.00356403 0.00430188 53.4998
0.00202451 0.00343481 0.0041425 53.5998
0.0019464 0.00329856 0.00397603 53.6998
0.0018641 0.00315557 0.00380279 53.7998
0.00177765 0.00300614 0.00362308 53.8997
0.00168707 0.00285059 0.0034372 53.9997
0.00159244 0.00268927 0.00324546 54.0997
0.00149384 0.00252255 0.00304815 54.1997
0.00139136 0.00235079 0.00284559 54.2997
0.00128516 0.00217439 0.00263807 54.3997
0.00117538 0.00199374 0.00242592 54.4997
0.00106221 0.00180922 0.00220945 54.5997
0.000945871 0.00162123 0.00198898 54.6997
0.000826607 0.00143017 0.00176483 54.7997
0.000704693 0.00123642 0.00153733 54.8997
0.000580428 0.00104036 0.00130683 54.9997
0.000454138 0.000842362 0.00107366 55.0997
0.000326171 0.000642798 0.000838172 55.1997
0.000196894 0.000442022 0.000600734 55.2997
6.66905e-05 0.000240382 0.000361709 55.3997
-6.4044e-05 3.8218e-05 0.000121471 55.4997
-0.000194906 -0.000164136 -0.0001196 55.5997
-0.000325488 -0.000366352 -0.000361116 55.6997
-0.000455384 -0.000568108 -0.000602684 55.7997
-0.000584193 -0.000769082 -0.000843907 55.8997
-0.000711525 -0.000968955 -0.00108438 55.9997
-0.000837005 -0.00116741 -0.0013237 56.0997
-0.000960274 -0.00136412 -0.00156146 56.1997
-0.001081 -0.00155877 -0.00179724 56.2997
-0.00119887 -0.00175102 -0.00203064 56.3997
-0.0013136 -0.00194055 -0.00226124 56.4997
-0.00142494 -0.00212702 -0.00248864 56.5997
-0.00153267 -0.00231008 -0.00271242 56.6997
-0.0016366 -0.00248939 -0.00293218 56.7997
-0.00173659 -0.0026646 -0.0031475 56.8997
-0.00183249 -0.00283536 -0.003358 56.9997
-0.00192422 -0.00300132 -0.00356328 57.0997
-0.00201172 -0.00316212 -0.00376293 57.1997
-0.00209495 -0.00331743 -0.00395657 57.2997
-0.00217388 -0.00346691 -0.00414383 57.3997
-0.00224853 -0.00361023 -0.00432431 57.4997
-0.00231893 -0.00374707 -0.00449766 57.5997
-0.00238509 -0.00387713 -0.00466349 57.6997
-0.00244708 -0.00400014 -0.00482147 57.7997
-0.00250493 -0.00411583 -0.00497123 57.8997
-0.0025587 -0.00422396 -0.00511244 57.9997
-0.00260844 -0.00432433 -0.00524476 58.0997
-0.00265419 -0.00441674 -0.00536788 58.1997
-0.00269599 -0.00450104 -0.00548148 58.2997
-0.00273387 -0.00457709 -0.00558528 58.3997
-0.00276784 -0.0046448 -0.005679 58.4997
-0.0027979 -0.00470407 -0.00576238 58.5997
-0.00282403 -0.00475487 -0.00583518 58.6997
-0.00284622 -0.00479716 -0.00589717 58.7997
-0.00286442 -0.00483094 -0.00594816 58.8997
-0.00287856 -0.00485623 -0.00598798 58.9997
-0.0028886 -0.00487306 -0.00601648 59.0997
-0.00289444 -0.00488148 -0.00603355 59.1997
-0.00289601 -0.00488155 -0.0060391 59.2997
-0.0028932 -0.00487333 -0.00603307 59.3997
-0.00288594 -0.00485692 -0.00601544 59.4997
-0.00287412 -0.00483238 -0.00598623 59.5997
-0.00285764 -0.0047998 -0.00594548 59.6997
-0.00283644 -0.00475925 -0.00589328 59.7997
-0.00281041 -0.00471081 -0.00582973 59.8997
-0.0027795 -0.00465456 -0.00575499 59.9997
-0.00274365 -0.00459057 -0.00566925 60.0997
-0.00270282 -0.00451889 -0.00557273 60.1997
-0.00265698 -0.00443959 -0.00546566 60.2997
-0.00260612 -0.00435272 -0.00534833 60.3997
-0.00255027 -0.00425834 -0.00522105 60.4996
-0.00248944 -0.00415651 -0.00508414 60.5996
-0.00242368 -0.00404729 -0.00493796 60.6996
-0.00235307 -0.00393073 -0.00478286 60.7996
-0.0022777 -0.00380692 -0.00461925 60.8996
-0.00219766 -0.00367595 -0.00444751 60.9996
-0.00211309 -0.0035379 -0.00426806 61.0996
-0.00202412 -0.00339291 -0.00408131 61.1996
-0.0019309 -0.00324111 -0.00388767 61.2996
-0.00183359 -0.00308268 -0.00368756 61.3996
-0.00173238 -0.0029178 -0.00348141 61.4996
-0.00162746 -0.00274671 -0.00326962 61.5996
-0.00151902 -0.00256966 -0.00305261 61.6996
-0.00140727 -0.00238692 -0.00283076 61.7996
-0.00129241 -0.00219883 -0.00260447 61.8996
-0.00117468 -0.00200573 -0.00237413 61.9996
-0.00105429 -0.00180801 -0.0021401 62.0996
-0.000931481 -0.00160606 -0.00190276 62.1996
-0.000806483 -0.00140034 -0.00166244 62.2996
-0.000679539 -0.00119131 -0.00141951 62.3996
-0.000550897 -0.000979432 -0.00117429 62.4996
-0.000420809 -0.000765221 -0.000927126 62.5996
-0.000289534 -0.000549186 -0.000678342 62.6996
-0.000157337 -0.000331845 -0.000428265 62.7996
-2.44892e-05 -0.000113723 -0.000177225 62.8996
0.000108732 0.000104656 7.44504e-05 62.9996
0.000242041 0.000322773 0.000326428 63.0996
0.000375149 0.00054012 0.000578369 63.1996
0.000507758 0.0007562 0.000829927 63.2996
0.000639567 0.000970532 0.00108075 63.3996
0.000770268 0.00118266 0.00133047 63.4996
0.000899553 0.00139214 0.00157871 63.5996
0.00102711 0.00159856 0.00182508 63.6996
0.00115263 0.00180153 0.00206919 63.7996
0.0012758 0.00200068 0.00231063 63.8996
0.00139632 0.00219569 0.00254896 63.9996
0.00151389 0.00238624 0.00278376 64.0996
0.00162823 0.00257204 0.00301459 64.1996
0.00173905 0.00275282 0.00324099 64.2996
0.0018461 0.00292835 0.00346251 64.3996
0.00194913 0.0030984 0.00367868 64.4996
0.00204792 0.00326276 0.00388906 64.5996
0.00214226 0.00342124 0.00409317 64.6996
0.00223198 0.00357364 0.00429056 64.7996
0.00231693 0.0037198 0.00448079 64.8996
0.00239697 0.00385953 0.0046634 64.9996
0.00247201 0.00399269 0.00483797 65.0996
0.00254197 0.00411908 0.00500409 65.1996
0.00260681 0.00423856 0.00516137 65.2996
0.00266651 0.00435094 0.00530941 65.3996
0.00272107 0.00445607 0.00544787 65.4996
0.00277052 0.00455377 0.00557641 65.5996
0.0028149 0.00464385 0.00569472 65.6996
0.00285429 0.00472616 0.00580253 65.7996
0.00288875 0.00480051 0.00589957 65.8996
0.00291839 0.00486674 0.00598562 65.9996
0.00294328 0.00492467 0.00606048 66.0996
0.00296355 0.00497415 0.00612399 66.1996
0.00297928 0.00501501 0.006176 66.2996
0.00299058 0.00504713 0.00621639 66.3996
0.00299753 0.00507038 0.0062451 66.4996
0.00300022 0.00508465 0.00626205 66.5996
0.00299871 0.00508984 0.00626723 66.6996
0.00299305 0.0050859 0.00626064 66.7996
0.00298329 0.00507278 0.0062423 66.8996
0.00296944 0.00505046 0.00621227 66.9995
0.0029515 0.00501894 0.00617062 67.0995
0.00292946 0.00497827 0.00611745 67.1995
0.00290328 0.0049285 0.00605289 67.2995
0.0028729 0.00486972 0.00597708 67.3995
0.00283828 0.00480205 0.0058902 67.4995
0.00279932 0.00472562 0.00579244 67.5995
0.00275596 0.0046406 0.00568402 67.6995
0.0027081 0.00454717 0.00556515 67.7995
0.00265564 0.00444552 0.00543611 67.8995
0.00259852 0.00433588 0.00529716 67.9995
0.00253664 0.00421848 0.0051486 68.0995
0.00246994 0.00409357 0.00499074 68.1995
0.00239837 0.00396138 0.00482391 68.2995
0.00232189 0.0038222 0.00464845 68.3995
0.0022405 0.00367627 0.00446473 68.4995
0.0021542 0.00352387 0.00427312 68.5995
0.00206304 0.00336527 0.00407402 68.6995
0.0019671 0.00320073 0.00386784 68.7995
0.00186647 0.00303053 0.00365498 68.8995
0.0017613 0.00285493 0.00343588 68.9995
0.00165176 0.0026742 0.00321097 69.0995
0.00153805 0.00248862 0.00298069 69.1995
0.0014204 0.00229845 0.00274549 69.2995
0.00129908 0.00210397 0.00250582 69.3995
0.00117438 0.00190546 0.00226213 69.4995
0.00104661 0.00170321 0.00201487 69.5995
0.000916122 0.0014975 0.0017645 69.6995
0.000783262 0.00128866 0.00151146 69.7995
0.000648402 0.00107699 0.00125619 69.8995
0.000511924 0.00086282 0.000999129 69.9995
0.000374215 0.000646508 0.000740704 70.0995
0.000235665 0.000428416 0.000481337 70.1995
9.66623e-05 0.000208925 0.000221441 70.2995
-4.24085e-05 -1.15637e-05 -3.85803e-05 70.3995
-0.000181172 -0.000232631 -0.000298331 70.4995
-0.000319264 -0.00045384 -0.000557425 70.5995
-0.000456335 -0.00067474 -0.000815484 70.6995
-0.000592049 -0.000894863 -0.00107213 70.7995
-0.000726089 -0.00111373 -0.00132701 70.8995
-0.000858159 -0.00133085 -0.00157976 70.9995
-0.00098798 -0.00154574 -0.00183001 71.0995
-0.00111529 -0.00175789 -0.00207743 71.1995
-0.00123986 -0.00196681 -0.00232165 71.2995
-0.00136146 -0.00217201 -0.00256232 71.3995
-0.0014799 -0.00237301 -0.00279908 71.4995
-0.00159499 -0.00256933 -0.00303159 71.5995
-0.00170657 -0.00276054 -0.00325947 71.6995
-0.00181448 -0.0029462 -0.00348237 71.7995
-0.00191859 -0.0031259 -0.0036999 71.8995
-0.00201876 -0.00329926 -0.00391169 71.9995
-0.00211488 -0.00346595 -0.00411736 72.0995
-0.00220685 -0.00362564 -0.00431651 72.1995
-0.00229456 -0.00377805 -0.00450876 72.2995
-0.00237791 -0.00392293 -0.0046937 72.3995
-0.00245683 -0.00406007 -0.00487093 72.4995
-0.00253122 -0.00418929 -0.00504005 72.5995
-0.002601 -0.00431043 -0.00520066 72.6995
-0.00266611 -0.00442338 -0.00535238 72.7995
-0.00272648 -0.00452805 -0.0054948 72.8995
-0.00278203 -0.00462437 -0.00562755 72.9995
-0.00283272 -0.0047123 -0.00575028 73.0995
-0.00287848 -0.00479181 -0.00586262 73.1995
-0.00291927 -0.0048629 -0.00596425 73.2995
-0.00295506 -0.00492556 -0.00605487 73.3995
-0.00298581 -0.00497982 -0.0061342 73.4995
-0.0030115 -0.00502567 -0.00620199 73.5994
-0.00303213 -0.00506315 -0.00625801 73.6994
-0.00304768 -0.00509227 -0.00630208 73.7994
-0.00305817 -0.00511304 -0.00633406 73.8994
-0.00306361 -0.00512547 -0.00635382 73.9994
-0.00306403 -0.00512956 -0.0063613 74.0994
-0.00305946 -0.00512532 -0.00635646 74.1994
-0.00304996 -0.00511273 -0.00633932 74.2994
-0.00303556 -0.00509178 -0.0063099 74.3994
-0.00301633 -0.00506244 -0.00626831 74.4994
-0.00299233 -0.00502471 -0.00621465 74.5994
-0.00296362 -0.00497855 -0.0061491 74.6994
-0.00293028 -0.00492394 -0.00607184 74.7994
-0.00289236 -0.00486088 -0.0059831 74.8994
-0.00284995 -0.00478936 -0.00588314 74.9994
-0.00280309 -0.00470938 -0.00577225 75.0994
-0.00275185 -0.00462096 -0.00565072 75.1994
-0.0026963 -0.00452416 -0.00551889 75.2994
-0.00263647 -0.00441902 -0.00537712 75.3994
-0.00257243 -0.00430563 -0.00522577 75.4994
-0.0025042 -0.00418412 -0.00506522 75.5994
-0.00243183 -0.00405462 -0.00489585 75.6994
-0.00235536 -0.0039173 -0.00471807 75.7994
-0.00227481 -0.00377237 -0.00453229 75.8994
-0.00219021 -0.00362006 -0.00433891 75.9994
-0.00210159 -0.00346065 -0.00413833 76.0994
-0.002009 -0.00329442 -0.00393098 76.1994
-0.00191246 -0.0031217 -0.00371727 76.2994
-0.00181204 -0.00294284 -0.0034976 76.3994
-0.00170779 -0.00275823 -0.00327238 76.4994
-0.00159979 -0.00256825 -0.00304202 76.5994
-0.00148812 -0.00237332 -0.00280692 76.6994
-0.0013729 -0.00217388 -0.00256749 76.7994
-0.00125426 -0.00197037 -0.00232412 76.8994
-0.00113237 -0.00176323 -0.00207721 76.9994
-0.00100739 -0.00155292 -0.00182716 77.0994
-0.000879547 -0.0013399 -0.00157437 77.1994
-0.00074907 -0.00112462 -0.00131924 77.2994
-0.000616224 -0.000907533 -0.00106216 77.3994
-0.000481301 -0.000689078 -0.000803534 77.4994
-0.000344618 -0.00046969 -0.000543763 77.5994
-0.000206516 -0.000249791 -0.000283251 77.6994
-6.73599e-05 -2.97945e-05 -2.24045e-05 77.7994
7.2469e-05 0.0001899 0.000238368 77.8994
0.000212572 0.000408906 0.000498656 77.9994
0.000352538 0.000626845 0.000758046 78.0994
0.000491948 0.000843353 0.00101612 78.1994
0.000630381 0.00105808 0.00127248 78.2994
0.000767415 0.00127066 0.00152668 78.3994
0.000902635 0.00148078 0.00177833 78.4994
0.00103564 0.00168809 0.002027 78.5994
0.00116603 0.00189227 0.00227228 78.6994
0.00129343 0.00209298 0.00251376 78.7994
0.00141751 0.00228991 0.00275104 78.8994
0.00153793 0.00248272 0.0029837 78.9994
0.00165441 0.00267109 0.00321135 79.0994
0.00176667 0.0028547 0.0034336 79.1994
0.0018745 0.00303322 0.00365006 79.2994
0.00197769 0.00320632 0.00386036 79.3994
0.00207608 0.00337368 0.00406411 79.4994
0.00216955 0.00353496 0.00426096 79.5994
0.002258 0.00368985 0.00445055 79.6994
0.00234138 0.00383803 0.00463253 79.7994
0.00241964 0.00397918 0.00480656 79.8994
0.00249278 0.00411301 0.00497233 79.9994
0.00256082 0.00423924 0.0051295 80.0993
0.0026238 0.00435758 0.00527776 80.1993
0.00268177 0.00446779 0.00541683 80.2993
0.00273479 0.00456963 0.0055464 80.3993
0.00278294 0.00466288 0.00566621 80.4993
0.00282631 0.00474737 0.00577598 80.5993
0.00286496 0.00482294 0.00587547 80.6993
0.00289898 0.00488945 0.00596443 80.7993
0.00292845 0.00494681 0.00604264 80.8993
0.00295343 0.00499494 0.0061099 80.9993
0.00297397 0.00503381 0.006166 81.0993
0.00299012 0.0050634 0.00621078 81.1993
0.00300191 0.00508373 0.00624409 81.2993
0.00300936 0.00509484 0.0062658 81.3993
0.00301248 0.00509681 0.00627579 81.4993
0.00301126 0.00508973 0.006274 81.5993
0.00300567 0.00507371 0.00626036 81.6993
0.00299569 0.00504887 0.00623486 81.7993
0.00298129 0.00501536 0.00619749 81.8993
0.00296241 0.00497333 0.00614831 81.9993
0.00293902 0.00492294 0.00608737 82.0993
0.00291105 0.00486435 0.0060148 82.1993
0.00287847 0.00479774 0.00593071 82.2993
0.00284122 0.00472327 0.0058353 82.3993
0.00279928 0.00464109 0.00572876 82.4993
0.00275261 0.00455137 0.00561135 82.5993
0.0027012 0.00445427 0.00548334 82.6993
0.00264504 0.00434992 0.00534504 82.7993
0.00258414 0.00423848 0.00519679 82.8993
0.00251854 0.00412008 0.00503896 82.9993
0.00244827 0.00399485 0.00487193 83.0993
0.0023734 0.00386293 0.00469614 83.1993
0.002294 0.00372444 0.00451201 83.2993
0.00221018 0.00357952 0.00432001 83.3993
0.00212206 0.00342832 0.0041206 83.4993
0.00202975 0.00327097 0.00391427 83.5993
0.00193342 0.00310765 0.00370151 83.6993
0.00183322 0.00293852 0.0034828 83.7993
0.00172932 0.00276378 0.00325866 83.8993
0.00162193 0.00258365 0.00302957 83.9993
0.00151122 0.00239836 0.00279601 84.0993
0.00139741 0.00220817 0.00255848 84.1993
0.00128072 0.00201338 0.00231745 84.2993
0.00116137 0.00181431 0.00207338 84.3993
0.00103958 0.00161129 0.00182672 84.4993
0.000915591 0.00140471 0.0015779 84.5993
0.000789634 0.00119497 0.00132735 84.6993
0.000661953 0.000982507 0.00107547 84.7993
0.000532791 0.000767764 0.000822672 84.8993
0.000402399 0.00055122 0.000569319 84.9993
0.000271028 0.000333369 0.000315786 85.0993
0.000138935 0.000114719 6.24285e-05 85.1993
6.37959e-06 -0.000104212 -0.000190406 85.2993
-0.000126373 -0.000322899 -0.000442379 85.3993
-0.000259052 -0.000540815 -0.000693157 85.4993
-0.000391383 -0.000757437 -0.000942411 85.5993
-0.000523087 -0.000972249 -0.00118982 85.6993
-0.000653878 -0.00118474 -0.00143504 85.7993
-0.000783467 -0.00139443 -0.00167777 85.8993
-0.00091156 -0.00160085 -0.00191766 85.9993
-0.00103786 -0.00180354 -0.00215439 86.0993
-0.00116207 -0.00200208 -0.0023876 86.1993
-0.00128389 -0.00219607 -0.00261696 86.2993
-0.00140302 -0.00238516 -0.00284212 86.3993
-0.00151916 -0.00256899 -0.0030627 86.4993
-0.00163203 -0.00274726 -0.00327834 86.5993
-0.00174134 -0.00291968 -0.00348868 86.6992
-0.00184682 -0.00308602 -0.00369332 86.7992
-0.00194821 -0.00324604 -0.00389189 86.8992
-0.00204527 -0.00339953 -0.00408401 86.9992
-0.00213776 -0.00354633 -0.00426927 87.0992
-0.00222549 -0.00368627 -0.00444731 87.1992
-0.00230827 -0.00381922 -0.00461774 87.2992
-0.00238593 -0.00394504 -0.00478018 87.3992
-0.00245836 -0.00406362 -0.00493428 87.4992
-0.00252543 -0.00417485 -0.00507966 87.5992
-0.00258709 -0.00427864 -0.005216 87.6992
-0.00264327 -0.00437489 -0.00534296 87.7992
-0.00269397 -0.0044635 -0.00546024 87.8992
-0.00273918 -0.00454438 -0.00556756 87.9992
-0.00277894 -0.00461745 -0.00566464 88.0992
-0.00281331 -0.0046826 -0.00575125 88.1992
-0.00284237 -0.00473974 -0.00582718 88.2992
-0.00286623 -0.00478878 -0.00589223 88.3992
-0.00288499 -0.00482964 -0.00594625 88.4992
-0.00289879 -0.00486221 -0.0059891 88.5992
-0.00290776 -0.00488642 -0.00602068 88.6992
-0.00291206 -0.00490218 -0.00604092 88.7992
-0.00291182 -0.00490943 -0.00604977 88.8992
-0.00290719 -0.00490811 -0.00604721 88.9992
-0.0028983 -0.00489816 -0.00603327 89.0992
-0.0028853 -0.00487958 -0.00600798 89.1992
-0.00286829 -0.00485233 -0.0059714 89.2992
-0.00284738 -0.00481643 -0.00592363 89.3992
-0.00282265 -0.00477191 -0.00586479 89.4992
-0.00279417 -0.00471883 -0.00579502 89.5992
-0.002762 -0.00465727 -0.00571449 89.6992
-0.00272616 -0.00458733 -0.00562338 89.7992
-0.00268666 -0.00450913 -0.00552192 89.8992
-0.0026435 -0.00442284 -0.00541033 89.9992
-0.00259666 -0.00432862 -0.00528886 90.0992
-0.0025461 -0.0042267 -0.00515779 90.1992
-0.00249179 -0.00411727 -0.00501741 90.2992
-0.00243365 -0.00400059 -0.00486803 90.3992
-0.00237165 -0.00387692 -0.00470997 90.4992
-0.00230571 -0.00374653 -0.00454358 90.5992
-0.00223579 -0.00360969 -0.00436923 90.6992
-0.00216184 -0.00346672 -0.00418728 90.7992
-0.00208382 -0.0033179 -0.00399812 90.8992
-0.00200172 -0.00316354 -0.00380216 90.9992
-0.00191553 -0.00300395 -0.00359981 91.0992
-0.00182529 -0.00283944 -0.0033915 91.1992
-0.00173103 -0.0026703 -0.00317768 91.2992
-0.00163283 -0.00249684 -0.00295878 91.3992
-0.0015308 -0.00231937 -0.00273526 91.4992
-0.00142507 -0.00213817 -0.00250758 91.5992
-0.0013158 -0.00195353 -0.00227621 91.6992
-0.0012032 -0.00176574 -0.00204161 91.7992
-0.00108748 -0.00157508 -0.00180425 91.8992
-0.000968905 -0.00138184 -0.0015646 91.9992
-0.000847747 -0.0011863 -0.00132313 92.0992
-0.000724313 -0.000988737 -0.00108028 92.1992
-0.000598928 -0.000789448 -0.000836521 92.2992
-0.000471932 -0.000588725 -0.00059229 92.3992
-0.000343681 -0.00038687 -0.000348022 92.4992
-0.000214542 -0.000184195 -0.000104144 92.5992
-8.48865e-05 1.89777e-05 0.000138935 92.6992
4.4912e-05 0.000222311 0.000380813 92.7992
0.000174481 0.000425456 0.000621107 92.8992
0.000303452 0.000628047 0.000859444 92.9992
0.000431468 0.000829706 0.00109547 93.0992
0.000558181 0.00103004 0.00132883 93.1992
0.000683259 0.00122864 0.00155921 93.2991
0.000806386 0.0014251 0.00178628 93.3991
0.000927263 0.00161898 0.00200974 93.4991
0.00104561 0.00180985 0.0022293 93.5991
0.00116118 0.00199727 0.00244465 93.6991
0.00127373 0.00218081 0.00265554 93.7991
0.00138305 0.00236002 0.00286167 93.8991
0.00148893 0.00253448 0.0030628 93.9991
0.00159122 0.00270377 0.00325863 94.0991
0.00168975 0.00286748 0.00344892 94.1991
0.00178438 0.00302522 0.0036334 94.2991
0.001875 0.00317664 0.00381179 94.3991
0.0019615 0.0033214 0.00398383 94.4991
0.00204379 0.00345918 0.00414925 94.5991
0.00212178 0.00358971 0.00430776 94.6991
0.0021954 0.00371274 0.0044591 94.7991
0.00226459 0.00382806 0.00460297 94.8991
0.0023293 0.00393549 0.00473909 94.9991
0.00238947 0.0040349 0.00486718 95.0991
0.00244507 0.00412617 0.00498694 95.1991
0.00249606 0.00420924 0.0050981 95.2991
0.00254241 0.00428407 0.00520037 95.3991
0.00258408 0.00435065 0.00529347 95.4991
0.00262107 0.00440899 0.00537715 95.5991
0.00265335 0.00445913 0.00545114 95.6991
0.00268093 0.00450113 0.00551522 95.7991
0.00270378 0.00453507 0.00556915 95.8991
0.00272193 0.00456104 0.00561275 95.9991
0.00273538 0.00457914 0.00564582 96.0991
0.00274416 0.00458946 0.00566823 96.1991
0.0027483 0.00459212 0.00567985 96.2991
0.00274783 0.00458722 0.0056806 96.3991
0.00274281 0.00457486 0.00567041 96.4991
0.00273329 0.00455513 0.00564926 96.5991
0.00271935 0.00452813 0.00561718 96.6991
0.00270105 0.00449393 0.0055742 96.7991
0.00267848 0.0044526 0.00552042 96.8991
0.00265173 0.00440421 0.00545596 96.9991
0.00262089 0.00434881 0.00538099 97.0991
0.00258606 0.00428646 0.00529569 97.1991
0.00254735 0.00421719 0.0052003 97.2991
0.00250484 0.00414106 0.00509508 97.3991
0.00245865 0.0040581 0.00498032 97.4991
0.00240886 0.00396837 0.00485634 97.5991
0.00235558 0.00387193 0.00472347 97.6991
0.00229888 0.00376884 0.0045821 97.7991
0.00223885 0.00365918 0.00443259 97.8991
0.00217557 0.00354305 0.00427534 97.9991
0.0021091 0.00342057 0.00411077 98.0991
0.0020395 0.00329188 0.00393931 98.1991
0.00196683 0.00315714 0.00376136 98.2991
0.00189112 0.00301653 0.00357738 98.3991
0.00181241 0.00287028 0.00338778 98.4991
0.00173075 0.00271863 0.00319301 98.5991
0.00164617 0.00256185 0.0029935 98.6991
0.00155869 0.00240022 0.00278967 98.7991
0.00146835 0.00223407 0.00258194 98.8991
0.0013752 0.00206374 0.00237074 98.9991
0.00127927 0.0018896 0.00215647 99.0991
0.00118064 0.00171202 0.00193953 99.1991
0.00107936 0.00153141 0.00172031 99.2991
0.000975534 0.00134816 0.0014992 99.3991
0.000869261 0.0011627 0.00127659 99.4991
0.00076067 0.000975441 0.00105283 99.5991
0.000649911 0.000786809 0.000828305 99.6991
0.00053716 0.000597223 0.000603361 99.799
0.000422615 0.000407098 0.000378356 99.899
0.000306502 0.00021684 0.000153638 99.999
