0 0 0 0
0 0 0 0.1
1.81864e-06 0 0 0.2
6.98905e-06 1.81864e-08 0 0.3
1.65134e-05 1.059e-07 1.81864e-10 0.4
3.06918e-05 3.56631e-07 1.42091e-09 0.5
4.90504e-05 9.07161e-07 6.21204e-09 0.6
7.03784e-05 1.93011e-06 2.00127e-08 0.7
9.28705e-05 3.61845e-06 5.29143e-08 0.8
0.000114355 6.16365e-06 1.21471e-07 0.9
0.000132578 9.73034e-06 2.5045e-07 1
0.000145501 1.44307e-05 4.74228e-07 1.1
0.000151582 2.03022e-05 8.37571e-07 1.2
0.000149984 2.72919e-05 1.39556e-06 1.3
0.0001407 3.52495e-05 2.21251e-06 1.4
0.000124565 4.39313e-05 3.35983e-06 1.5
0.000103159 5.30136e-05 4.91287e-06 1.6
7.86155e-05 6.21165e-05 6.94692e-06 1.7
5.33471e-05 7.08326e-05 9.53265e-06 1.8
2.97481e-05 7.87609e-05 1.27314e-05 1.9
9.89301e-06 8.55387e-05 1.65904e-05 2
-4.71619e-06 9.08706e-05 2.11389e-05 2.1
-1.33257e-05 9.45493e-05 2.63848e-05 2.2
-1.60026e-05 9.64677e-05 3.23123e-05 2.3
-1.35969e-05 9.66197e-05 3.88813e-05 2.4
-7.59837e-06 9.50923e-05 4.60277e-05 2.5
9.22078e-08 9.20472e-05 5.36648e-05 2.6
7.44424e-06 8.76988e-05 6.16857e-05 2.7
1.25931e-05 8.22877e-05 6.99667e-05 2.8
1.41091e-05 7.60565e-05 7.83709e-05 2.9
1.12031e-05 6.92289e-05 8.6752e-05 3
3.83936e-06 6.19963e-05 9.49579e-05 3.1
-7.25757e-06 5.45118e-05 0.000102834 3.2
-2.07054e-05 4.68928e-05 0.000110227 3.3
-3.46595e-05 3.92311e-05 0.000116987 3.4
-4.70752e-05 3.16081e-05 0.000122969 3.5
-5.60002e-05 2.41118e-05 0.000128037 3.6
-5.98569e-05 1.68537e-05 0.000132067 3.7
-5.76742e-05 9.98067e-06 0.000134944 3.8
-4.92384e-05 3.68068e-06 0.000136571 3.9
-3.51401e-05 -1.8196e-06 0.00013687 4
-1.67106e-05 -6.26619e-06 0.000135782 4.1
4.14273e-06 -9.39674e-06 0.000133273 4.2
2.51827e-05 -1.09652e-05 0.000129337 4.3
4.41342e-05 -1.07692e-05 0.000123999 4.4
5.89833e-05 -8.67642e-06 0.000117313 4.5
6.82438e-05 -4.64718e-06 0.000109367 4.6
7.11525e-05 1.2511e-06 0.00010028 4.7
6.77688e-05 8.8387e-06 9.02038e-05 4.8
5.89635e-05 1.78292e-05 7.93136e-05 4.9
4.62991e-05 2.7846e-05 6.78086e-05 5
3.18171e-05 3.84469e-05 5.5904e-05 5.1
1.77614e-05 4.9156e-05 4.38248e-05 5.2
6.27555e-06 5.94979e-05 3.17989e-05 5.3
-8.85269e-07 6.90306e-05 2.005e-05 5.4
-2.58868e-06 7.73743e-05 8.79093e-06 5.5
1.52606e-06 8.42326e-05 -1.78233e-06 5.6
1.10045e-05 8.94036e-05 -1.14954e-05 5.7
2.46445e-05 9.27817e-05 -2.01995e-05 5.8
4.06651e-05 9.43486e-05 -2.77739e-05 5.9
5.69529e-05 9.41574e-05 -3.41269e-05 6
7.13528e-05 9.23113e-05 -3.91972e-05 6.1
8.19627e-05 8.89406e-05 -4.29523e-05 6.2
8.7391e-05 8.41812e-05 -4.53885e-05 6.3
8.69431e-05 7.81581e-05 -4.65291e-05 6.4
8.071e-05 7.0976e-05 -4.64227e-05 6.5
6.95482e-05 6.27173e-05 -4.51424e-05 6.6
5.49535e-05 5.34483e-05 -4.27834e-05 6.7
3.88456e-05 4.32321e-05 -3.94622e-05 6.8
2.32952e-05 3.2145e-05 -3.5314e-05 6.9
1.02294e-05 2.02948e-05 -3.04912e-05 7
1.15783e-06 7.83613e-06 -2.51606e-05 7.1
-3.04315e-06 -5.0193e-06 -1.95e-05 7.2
-2.25827e-06 -1.79998e-05 -1.36946e-05 7.3
2.84522e-06 -3.07798e-05 -7.93219e-06 7.4
1.09056e-05 -4.29951e-05 -2.3983e-06 7.5
2.00528e-05 -5.42654e-05 2.72962e-06 7.6
2.81665e-05 -6.42225e-05 7.28759e-06 7.7
3.31728e-05 -7.25407e-05 1.11305e-05 7.79999
3.33367e-05 -7.89651e-05 1.41366e-05 7.89999
2.7512e-05 -8.33354e-05 1.62118e-05 7.99999
1.5314e-05 -8.56017e-05 1.72914e-05 8.09999
-2.81038e-06 -8.583e-05 1.73422e-05 8.2
-2.56223e-05 -8.41963e-05 1.63612e-05 8.3
-5.12386e-05 -8.09714e-05 1.43746e-05 8.4
-7.73648e-05 -7.64956e-05 1.14346e-05 8.5
-0.000101585 -7.11493e-05 7.61527e-06 8.6
-0.000121665 -6.53196e-05 3.0083e-06 8.7
-0.000135837 -5.93701e-05 -2.28194e-06 8.8
-0.000143015 -5.36144e-05 -8.14307e-06 8.9
-0.000142921 -4.8298e-05 -1.44589e-05 9
-0.000136106 -4.35895e-05 -2.11132e-05 9.1
-0.000123856 -3.95813e-05 -2.79921e-05 9.2
-0.000108004 -3.63e-05 -3.4987e-05 9.3
-9.06714e-05 -3.37226e-05 -4.19951e-05 9.4
-7.39724e-05 -3.17974e-05 -4.89203e-05 9.5
-5.9726e-05 -3.04652e-05 -5.56744e-05 9.6
-4.92129e-05 -2.96777e-05 -6.21764e-05 9.7
-4.30114e-05 -2.94105e-05 -6.83534e-05 9.8
-4.09341e-05 -2.96688e-05 -7.41409e-05 9.9
-4.20735e-05 -3.04844e-05 -7.94838e-05 10
-4.49515e-05 -3.1906e-05 -8.43366e-05 10.1
-4.77493e-05 -3.39823e-05 -8.86651e-05 10.2
-4.85881e-05 -3.6743e-05 -9.24468e-05 10.3
-4.58189e-05 -4.01793e-05 -9.56715e-05 10.4
-3.82833e-05 -4.42269e-05 -9.83413e-05 10.5
-2.55068e-05 -4.87562e-05 -0.00010047 10.6
-7.79803e-06 -5.35702e-05 -0.000102081 10.7
1.37601e-05 -5.84115e-05 -0.000103208 10.8
3.74282e-05 -6.29791e-05 -0.000103886 10.9
6.10207e-05 -6.69517e-05 -0.000104155 11
8.21808e-05 -7.00165e-05 -0.000104053 11.1
9.86841e-05 -7.18998e-05 -0.00010361 11.2
0.000108728 -7.23944e-05 -0.000102849 11.3
0.000111168 -7.13822e-05 -0.000101785 11.4
0.000105673 -6.88486e-05 -0.000100416 11.5
9.27687e-05 -6.48855e-05 -9.87315e-05 11.6
7.37763e-05 -5.96843e-05 -9.67087e-05 11.7
5.06406e-05 -5.35187e-05 -9.43155e-05 11.8
2.56833e-05 -4.67195e-05 -9.15144e-05 11.9
1.30616e-06 -3.96442e-05 -8.82654e-05 12
-2.03117e-05 -3.26456e-05 -8.45301e-05 12.1
-3.7483e-05 -2.60425e-05 -8.0276e-05 12.2
-4.92116e-05 -2.00962e-05 -7.54796e-05 12.3
-5.52953e-05 -1.49948e-05 -7.01293e-05 12.4
-5.63192e-05 -1.08478e-05 -6.42277e-05 12.5
-5.35414e-05 -7.68933e-06 -5.77923e-05 12.6
-4.86873e-05 -5.4904e-06 -5.08558e-05 12.7
-4.36817e-05 -4.17709e-06 -4.34657e-05 12.8
-4.0356e-05 -3.65171e-06 -3.56827e-05 12.9
-4.0172e-05 -3.81369e-06 -2.75794e-05 13
-4.39995e-05 -4.5769e-06 -1.92385e-05 13.1
-5.19797e-05 -5.88096e-06 -1.07509e-05 13.2
-6.3493e-05 -7.6947e-06 -2.21465e-06 13.3
-7.72358e-05 -1.00116e-05 6.26683e-06 13.4
-9.13964e-05 -1.2838e-05 1.45855e-05 13.5
-0.000103904 -1.61757e-05 2.263e-05 13.6
-0.000112721 -2.00027e-05 3.02864e-05 13.7
-0.00011613 -2.4254e-05 3.74399e-05 13.8
-0.000112986 -2.8807e-05 4.39764e-05 13.9
-0.000102891 -3.3474e-05 4.97852e-05 14
-8.62689e-05 -3.80026e-05 5.47613e-05 14.1
-6.43318e-05 -4.20863e-05 5.88098e-05 14.2
-3.89365e-05 -4.53834e-05 6.18493e-05 14.3
-1.23564e-05 -4.75437e-05 6.38165e-05 14.4
1.30047e-05 -4.82385e-05 6.46701e-05 14.5
3.4918e-05 -4.71919e-05 6.43947e-05 14.6
5.16115e-05 -4.42082e-05 6.30033e-05 14.7
6.19918e-05 -3.91943e-05 6.05399e-05 14.8
6.5775e-05 -3.21711e-05 5.70791e-05 14.9
6.35092e-05 -2.3276e-05 5.27258e-05 15
5.64869e-05 -1.2753e-05 4.76125e-05 15.1
4.65575e-05 -9.33947e-07 4.18955e-05 15.2
3.58675e-05 1.17883e-05 3.57502e-05 15.3
2.65632e-05 2.4991e-05 2.93653e-05 15.4
2.04958e-05 3.82531e-05 2.29367e-05 15.5
1.89706e-05 5.11845e-05 1.66612e-05 15.6
2.25726e-05 6.34485e-05 1.0731e-05 15.7
3.10934e-05 7.47766e-05 5.32794e-06 15.8
4.35681e-05 8.49734e-05 6.19364e-07 15.9
5.84171e-05 9.39125e-05 -3.24567e-06 16
7.36724e-05 0.000101525 -6.13912e-06 16.1
8.72576e-05 0.000107783 -7.95592e-06 16.2
9.72821e-05 0.000112677 -8.61535e-06 16.3
0.000102309 0.000116205 -8.06184e-06 16.4
0.000101562 0.000118352 -6.26566e-06 16.5
9.50323e-05 0.000119084 -3.22331e-06 16.6
8.34929e-05 0.000118353 1.04212e-06 16.7
6.83891e-05 0.0001161 6.48065e-06 16.8
5.16445e-05 0.000112273 1.30154e-05 16.9
3.53961e-05 0.000106848 2.05427e-05 17
2.16996e-05 9.98452e-05 2.8933e-05 17.1
1.22433e-05 9.13519e-05 3.80325e-05 17.2
8.11259e-06 8.15342e-05 4.76652e-05 17.3
9.63497e-06 7.06437e-05 5.76365e-05 17.4
1.63292e-05 5.9013e-05 6.7738e-05 17.5
2.69652e-05 4.70427e-05 7.77521e-05 17.6
3.97266e-05 3.51787e-05 8.74592e-05 17.7
5.24552e-05 2.3883e-05 9.66435e-05 17.8
6.29427e-05 1.36006e-05 0.0001051 17.9
6.92321e-05 4.7267e-06 0.000112642 18
6.98855e-05 -2.42305e-06 0.000119104 18.1
6.41838e-05 -7.63443e-06 0.000124352 18.2
5.22304e-05 -1.08078e-05 0.000128279 18.3
3.49441e-05 -1.19599e-05 0.000130816 18.4
1.39431e-05 -1.12152e-05 0.000131924 18.5
-8.66424e-06 -8.78747e-06 0.000131602 18.6
-3.05541e-05 -4.95467e-06 0.000129875 18.7
-4.94895e-05 -2.95581e-08 0.0001268 18.8
-6.36097e-05 5.66925e-06 0.000122457 18.9
-7.16663e-05 1.18432e-05 0.000116946 19
-7.31762e-05 1.8233e-05 0.000110384 19.1
-6.84694e-05 2.46302e-05 0.000102901 19.2
-5.8626e-05 3.08792e-05 9.46345e-05 19.3
-4.53131e-05 3.68707e-05 8.57307e-05 19.4
-3.05418e-05 4.25289e-05 7.63383e-05 19.5
-1.6381e-05 4.77945e-05 6.66078e-05 19.6
-4.66559e-06 5.26065e-05 5.66892e-05 19.7
3.25914e-06 5.68866e-05 4.67297e-05 19.8
6.72256e-06 6.05289e-05 3.68718e-05 19.9
5.81707e-06 6.33965e-05 2.72505e-05 20
1.37767e-06 6.53269e-05 1.79907e-05 20.1
-5.14427e-06 6.61444e-05 9.20419e-06 20.2
-1.18959e-05 6.56796e-05 9.87106e-07 20.3
-1.68964e-05 6.37921e-05 -6.58305e-06 20.4
-1.83315e-05 6.0394e-05 -1.34495e-05 20.5
-1.48281e-05 5.54703e-05 -1.95774e-05 20.6
-5.67072e-06 4.9093e-05 -2.49549e-05 20.7
9.07055e-06 4.14277e-05 -2.95919e-05 20.8
2.8519e-05 3.27285e-05 -3.35188e-05 20.9
5.10804e-05 2.33248e-05 -3.67831e-05 21
7.46316e-05 1.35976e-05 -3.94464e-05 21.1
9.67827e-05 3.95029e-06 -4.15792e-05 21.2
0.000115179 -5.224e-06 -4.32567e-05 21.3
0.000127799 -1.35746e-05 -4.4554e-05 21.4
0.000133215 -2.08212e-05 -4.55414e-05 21.5
0.000130772 -2.67747e-05 -4.62816e-05 21.6
0.000120668 -3.13478e-05 -4.68267e-05 21.7
0.000103922 -3.45556e-05 -4.72171e-05 21.8
8.2238e-05 -3.65051e-05 -4.74808e-05 21.9
5.77732e-05 -3.7377e-05 -4.76348e-05 22
3.28582e-05 -3.74e-05 -4.76862e-05 22.1
9.6929e-06 -3.68232e-05 -4.76347e-05 22.2
-9.93267e-06 -3.58894e-05 -4.74752e-05 22.3
-2.48576e-05 -3.48119e-05 -4.71997e-05 22.4
-3.46796e-05 -3.37588e-05 -4.68004e-05 22.5
-3.97771e-05 -3.28452e-05 -4.62707e-05 22.6
-4.1223e-05 -3.21352e-05 -4.56067e-05 22.7001
-4.06015e-05 -3.16508e-05 -4.4808e-05 22.8001
-3.97546e-05 -3.13875e-05 -4.38777e-05 22.9001
-4.04943e-05 -3.13328e-05 -4.28226e-05 23.0001
-4.43192e-05 -3.14846e-05 -4.16525e-05 23.1001
-5.21781e-05 -3.18664e-05 -4.03808e-05 23.2001
-6.43102e-05 -3.25365e-05 -3.90239e-05 23.3001
-8.01875e-05 -3.35891e-05 -3.76021e-05 23.4001
-9.85662e-05 -3.51479e-05 -3.61402e-05 23.5001
-0.000117641 -3.73508e-05 -3.46684e-05 23.6001
-0.000135283 -4.03298e-05 -3.32234e-05 23.7001
-0.000149323 -4.41873e-05 -3.18495e-05 23.8001
-0.000157851 -4.89727e-05 -3.05989e-05 23.9001
-0.000159485 -5.46632e-05 -2.95321e-05 24.0001
-0.000153567 -6.11505e-05 -2.87166e-05 24.1001
-0.000140272 -6.82378e-05 -2.82255e-05 24.2001
-0.000120599 -7.56452e-05 -2.81344e-05 24.3001
-9.62643e-05 -8.3027e-05 -2.85185e-05 24.4001
-6.94874e-05 -8.99962e-05 -2.94476e-05 24.5001
-4.27171e-05 -9.61547e-05 -3.09823e-05 24.6001
-1.83261e-05 -0.000101127 -3.31686e-05 24.7001
1.68367e-06 -0.000104592 -3.60346e-05 24.8001
1.59249e-05 -0.000106309 -3.95861e-05 24.9001
2.37853e-05 -0.000106136 -4.38049e-05 25.0001
2.5484e-05 -0.00010404 -4.86469e-05 25.1001
2.20163e-05 -0.000100095 -5.40429e-05 25.2001
1.49945e-05 -9.4469e-05 -5.98994e-05 25.3001
6.40832e-06 -8.74023e-05 -6.61016e-05 25.4001
-1.66302e-06 -7.91845e-05 -7.25168e-05 25.5001
-7.3469e-06 -7.01249e-05 -7.89987e-05 25.6001
-9.24102e-06 -6.05261e-05 -8.53919e-05 25.7001
-6.60858e-06 -5.06632e-05 -9.15364e-05 25.8001
5.21648e-07 -4.07685e-05 -9.72722e-05 25.9001
1.13638e-05 -3.10259e-05 -0.000102443 26.0001
2.44904e-05 -2.15735e-05 -0.000106899 26.1001
3.8039e-05 -1.25138e-05 -0.000110503 26.2001
4.998e-05 -3.92848e-06 -0.000113126 26.3001
5.84104e-05 4.10397e-06 -0.000114658 26.4001
6.18302e-05 1.14919e-05 -0.000115001 26.5001
5.93655e-05 1.81182e-05 -0.00011408 26.6001
5.09046e-05 2.38351e-05 -0.000111837 26.7001
3.71303e-05 2.84659e-05 -0.000108237 26.8001
1.94421e-05 3.18163e-05 -0.000103271 26.9001
-2.21855e-07 3.36921e-05 -9.69528e-05 27.0001
-1.96375e-05 3.39223e-05 -8.93286e-05 27.1001
-3.65897e-05 3.23844e-05 -8.04719e-05 27.2001
-4.91671e-05 2.90283e-05 -7.04867e-05 27.3001
-5.6019e-05 2.3895e-05 -5.95063e-05 27.4001
-5.65368e-05 1.71285e-05 -4.76919e-05 27.5001
-5.09362e-05 8.97721e-06 -3.52293e-05 27.6001
-4.02292e-05 -2.15291e-07 -2.23246e-05 27.7001
-2.60878e-05 -1.0029e-05 -9.19883e-06 27.8001
-1.06196e-05 -1.9995e-05 3.91864e-06 27.9001
3.9157e-06 -2.96282e-05 1.6797e-05 28.0001
1.54101e-05 -3.84616e-05 2.92111e-05 28.1001
2.21894e-05 -4.60796e-05 4.09484e-05 28.2001
2.32371e-05 -5.21446e-05 5.18155e-05 28.3001
1.83281e-05 -5.64162e-05 6.1643e-05 28.4001
8.055e-06 -5.87598e-05 7.02898e-05 28.5001
-6.25534e-06 -5.91447e-05 7.76462e-05 28.6001
-2.27254e-05 -5.76329e-05 8.36347e-05 28.7001
-3.91836e-05 -5.43592e-05 8.82105e-05 28.8001
-5.34591e-05 -4.95082e-05 9.13606e-05 28.9001
-6.36751e-05 -4.32879e-05 9.3102e-05 29.0001
-6.85e-05 -3.59076e-05 9.34795e-05 29.1001
-6.73215e-05 -2.75594e-05 9.25632e-05 29.2001
-6.03218e-05 -1.84075e-05 9.04456e-05 29.3001
-4.84421e-05 -8.5863e-06 8.72395e-05 29.4001
-3.32431e-05 1.79462e-06 8.30751e-05 29.5001
-1.66799e-05 1.2638e-05 7.80979e-05 29.6001
-8.23822e-07 2.38428e-05 7.24662e-05 29.7001
1.24317e-05 3.52871e-05 6.63481e-05 29.8001
2.16386e-05 4.68135e-05 5.99195e-05 29.9001
2.59996e-05 5.82192e-05 5.33598e-05 30.0001
2.54819e-05 6.92541e-05 4.68488e-05 30.1001
2.08233e-05 7.96273e-05 4.05617e-05 30.2001
1.34302e-05 8.90217e-05 3.46653e-05 30.3001
5.18038e-06 9.71167e-05 2.93125e-05 30.4001
-1.84154e-06 0.000103614 2.46378e-05 30.5001
-5.64091e-06 0.000108268 2.07528e-05 30.6001
-4.60046e-06 0.000110907 1.77429e-05 30.7001
2.28094e-06 0.000111459 1.56647e-05 30.8001
1.52311e-05 0.000109961 1.45444e-05 30.9001
3.36509e-05 0.000106563 1.43783e-05 31.0001
5.61728e-05 0.000101513 1.5134e-05 31.1001
8.08221e-05 9.51456e-05 1.67535e-05 31.2001
0.000105262 8.78514e-05 1.9157e-05 31.3001
0.000127089 8.00444e-05 2.22473e-05 31.4001
0.000144136 7.21299e-05 2.59157e-05 31.5001
0.000154747 6.44733e-05 3.00462e-05 31.6001
0.000157982 5.73751e-05 3.4521e-05 31.7001
0.000153731 5.10545e-05 3.92243e-05 31.8001
0.000142709 4.56423e-05 4.40459e-05 31.9001
0.000126357 4.11849e-05 4.88835e-05 32.0001
0.000106629 3.76561e-05 5.3644e-05 32.1001
8.57306e-05 3.4977e-05 5.82448e-05 32.2001
6.58198e-05 3.3038e-05 6.26128e-05 32.3001
4.87187e-05 3.17227e-05 6.66851e-05 32.4001
3.56801e-05 3.09269e-05 7.04077e-05 32.5001
2.7234e-05 3.05735e-05 7.37356e-05 32.6001
2.31385e-05 3.06182e-05 7.66318e-05 32.7001
2.244e-05 3.10484e-05 7.90679e-05 32.8001
2.36341e-05 3.18726e-05 8.10238e-05 32.9001
2.49042e-05 3.3106e-05 8.24882e-05 33.0001
2.44049e-05 3.47511e-05 8.34588e-05 33.1001
2.05495e-05 3.67799e-05 8.39423e-05 33.2001
1.22631e-05 3.9118e-05 8.39541e-05 33.3001
-8.36664e-07 4.16359e-05 8.35176e-05 33.4001
-1.83546e-05 4.41479e-05 8.26623e-05 33.5001
-3.91427e-05 4.642e-05 8.14219e-05 33.6001
-6.14313e-05 4.81866e-05 7.98314e-05 33.7001
-8.30493e-05 4.91733e-05 7.79245e-05 33.8001
-0.000101704 4.91254e-05 7.573e-05 33.9001
-0.000115285 4.78352e-05 7.32695e-05 34.0001
-0.000122142 4.51682e-05 7.05547e-05 34.1001
-0.000121315 4.10819e-05 6.7586e-05 34.2001
-0.000112668 3.56367e-05 6.43523e-05 34.3
-9.69157e-05 2.89956e-05 6.08314e-05 34.4
-7.55443e-05 2.14137e-05 5.69921e-05 34.5
-5.06257e-05 1.32181e-05 5.27971e-05 34.6
-2.45587e-05 4.77978e-06 4.82063e-05 34.7
2.32121e-07 -3.51764e-06 4.31812e-05 34.8
2.15978e-05 -1.13106e-05 3.76891e-05 34.9
3.79266e-05 -1.82844e-05 3.17071e-05 35
4.8331e-05 -2.41962e-05 2.52251e-05 35.1
5.27353e-05 -2.88886e-05 1.82489e-05 35.2
5.18523e-05 -3.22933e-05 1.08013e-05 35.3
4.70535e-05 -3.44256e-05 2.92279e-06 35.4
4.01519e-05 -3.53697e-05 -5.32921e-06 35.5
3.31262e-05 -3.52581e-05 -1.38816e-05 35.6
2.78265e-05 -3.42489e-05 -2.26478e-05 35.7
2.57023e-05 -3.2503e-05 -3.153e-05 35.8
2.75885e-05 -3.01652e-05 -4.04219e-05 35.9
3.35815e-05 -2.73525e-05 -4.92112e-05 36
4.30208e-05 -2.41491e-05 -5.7782e-05 36.1
5.45793e-05 -2.06103e-05 -6.60164e-05 36.2
6.64497e-05 -1.67736e-05 -7.37968e-05 36.3
7.66009e-05 -1.26749e-05 -8.10069e-05 36.4
8.30693e-05 -8.36684e-06 -8.75338e-05 36.5
8.42443e-05 -3.93606e-06 -9.32689e-05 36.6
7.91084e-05 4.83206e-07 -9.81107e-05 36.7
6.73987e-05 4.70278e-06 -0.000101967 36.8
4.9666e-05 8.48262e-06 -0.000104756 36.9
2.72242e-05 1.15419e-05 -0.000106413 37
1.99459e-06 1.35785e-05 -0.00010689 37.1
-2.37327e-05 1.42945e-05 -0.000106162 37.2
-4.75895e-05 1.34257e-05 -0.00010423 37.3
-6.74327e-05 1.07702e-05 -0.000101122 37.4
-8.16182e-05 6.21376e-06 -9.68944e-05 37.5
-8.92095e-05 -2.52096e-07 -9.16358e-05 37.6
-9.00926e-05 -8.52137e-06 -8.54634e-05 37.7
-8.49802e-05 -1.83758e-05 -7.85216e-05 37.8
-7.53072e-05 -2.94977e-05 -7.09783e-05 37.9
-6.30292e-05 -4.14925e-05 -6.30202e-05 38
-5.03539e-05 -5.39179e-05 -5.48469e-05 38.1
-3.94394e-05 -6.6317e-05 -4.66642e-05 38.2
-3.21034e-05 -7.82508e-05 -3.86781e-05 38.3
-2.95799e-05 -8.93274e-05 -3.10877e-05 38.4
-3.23578e-05 -9.92242e-05 -2.40797e-05 38.5
-4.01237e-05 -0.000107701 -1.78231e-05 38.6
-5.18138e-05 -0.000114603 -1.24654e-05 38.7
-6.57705e-05 -0.000119856 -8.12897e-06 38.8
-7.99787e-05 -0.00012345 -4.90983e-06 38.9
-9.23513e-05 -0.000125425 -2.8761e-06 39
-0.000101023 -0.000125843 -2.06785e-06 39.1
-0.000104613 -0.000124776 -2.49736e-06 39.2
-0.000102419 -0.000122284 -4.14965e-06 39.3
-9.45163e-05 -0.000118412 -6.98328e-06 39.4
-8.17501e-05 -0.000113186 -1.09312e-05 39.5
-6.56184e-05 -0.000106624 -1.59017e-05 39.6
-4.80655e-05 -9.87447e-05 -2.17794e-05 39.7
-3.12117e-05 -8.95888e-05 -2.84267e-05 39.8
-1.70586e-05 -7.92376e-05 -3.56857e-05 39.9
-7.20899e-06 -6.7829e-05 -4.33802e-05 40
-2.64122e-06 -5.55697e-05 -5.13191e-05 40.1
-3.56924e-06 -4.27386e-05 -5.93006e-05 40.2
-9.40735e-06 -2.96815e-05 -6.71165e-05 40.3
-1.88456e-05 -1.6796e-05 -7.4558e-05 40.4
-3.00254e-05 -4.50854e-06 -8.14219e-05 40.5
-4.07921e-05 6.75458e-06 -8.75166e-05 40.6
-4.89902e-05 1.65995e-05 -9.26687e-05 40.7
-5.27604e-05 2.46959e-05 -9.6728e-05 40.7999
-5.07993e-05 3.08034e-05 -9.95732e-05 40.8999
-4.25445e-05 3.47912e-05 -0.000101115 40.9999
-2.82615e-05 3.66465e-05 -0.000101297 41.0999
-9.01945e-06 3.64734e-05 -0.0001001 41.1999
1.34416e-05 3.44795e-05 -9.75368e-05 41.2999
3.69327e-05 3.09552e-05 -9.36538e-05 41.3999
5.90982e-05 2.62445e-05 -8.85247e-05 41.4999
7.77198e-05 2.07146e-05 -8.22479e-05 41.5999
9.10017e-05 1.47252e-05 -7.49414e-05 41.6999
9.7797e-05 8.60192e-06 -6.67383e-05 41.7999
9.77466e-05 2.61715e-06 -5.77818e-05 41.8999
9.13114e-05 -3.02031e-06 -4.82213e-05 41.9999
7.96938e-05 -8.16646e-06 -3.82088e-05 42.0999
6.46605e-05 -1.27344e-05 -2.78959e-05 42.1999
4.82905e-05 -1.66801e-05 -1.74314e-05 42.2999
3.26843e-05 -1.99835e-05 -6.95931e-06 42.3999
1.9674e-05 -2.263e-05 3.3825e-06 42.4999
1.05735e-05 -2.45934e-05 1.34642e-05 42.5999
6.005e-06 -2.58245e-05 2.31653e-05 42.6999
5.82398e-06 -2.62474e-05 3.23765e-05 42.7999
9.15331e-06 -2.57634e-05 4.10015e-05 42.8999
1.45219e-05 -2.42626e-05 4.89588e-05 42.9999
2.00885e-05 -2.16417e-05 5.61839e-05 43.0999
2.39188e-05 -1.78252e-05 6.26308e-05 43.1999
2.42783e-05 -1.27867e-05 6.82731e-05 43.2999
1.98997e-05 -6.56702e-06 7.31048e-05 43.3999
1.01874e-05 7.14076e-07 7.71397e-05 43.4999
-4.66987e-06 8.85416e-06 8.04105e-05 43.5999
-2.36941e-05 1.75746e-05 8.29656e-05 43.6999
-4.52223e-05 2.65362e-05 8.48669e-05 43.7999
-6.71071e-05 3.53636e-05 8.61848e-05 43.8999
-8.69861e-05 4.36744e-05 8.69945e-05 43.9999
-0.000102585 5.11119e-05 8.73711e-05 44.0999
-0.000112011 5.7375e-05 8.7385e-05 44.1999
-0.000114003 6.22443e-05 8.70988e-05 44.2999
-0.000108093 6.55997e-05 8.65641e-05 44.3999
-9.46725e-05 6.74278e-05 8.58198e-05 44.4999
-7.49413e-05 6.78188e-05 8.48915e-05 44.5999
-5.07521e-05 6.6953e-05 8.37925e-05 44.6999
-2.43718e-05 6.50785e-05 8.25251e-05 44.7999
1.80916e-06 6.24839e-05 8.10832e-05 44.8999
2.55806e-05 5.94687e-05 7.94554e-05 44.9999
4.51869e-05 5.63144e-05 7.76277e-05 45.0999
5.95363e-05 5.32619e-05 7.55868e-05 45.1999
6.83166e-05 5.04955e-05 7.33227e-05 45.2999
7.20028e-05 4.81355e-05 7.08303e-05 45.3999
7.17554e-05 4.62411e-05 6.8111e-05 45.4999
6.92258e-05 4.48206e-05 6.5173e-05 45.5999
6.62954e-05 4.38477e-05 6.20314e-05 45.6999
6.47845e-05 4.32811e-05 5.8708e-05 45.7999
6.6173e-05 4.30838e-05 5.52304e-05 45.8999
7.13714e-05 4.32388e-05 5.16313e-05 45.9999
8.05731e-05 4.37591e-05 4.79482e-05 46.0999
9.32106e-05 4.46895e-05 4.42233e-05 46.1999
0.00010802 4.61003e-05 4.0503e-05 46.2999
0.000123207 4.80744e-05 3.68387e-05 46.3999
0.000136692 5.06875e-05 3.32868e-05 46.4999
0.000146396 5.39866e-05 2.99088e-05 46.5999
0.000150536 5.79691e-05 2.67717e-05 46.6999
0.000147881 6.25652e-05 2.39465e-05 46.7999
0.000137942 6.76283e-05 2.15075e-05 46.8999
0.000121057 7.29333e-05 1.95297e-05 46.9999
9.83723e-05 7.81855e-05 1.8086e-05 47.0999
7.17118e-05 8.30387e-05 1.72432e-05 47.1999
4.33577e-05 8.71205e-05 1.70584e-05 47.2999
1.57675e-05 9.00642e-05 1.75742e-05 47.3998
-8.73216e-06 9.15399e-05 1.88149e-05 47.4998
-2.82343e-05 9.12857e-05 2.07829e-05 47.5998
-4.14844e-05 8.91313e-05 2.34559e-05 47.6998
-4.8026e-05 8.50139e-05 2.67856e-05 47.7998
-4.82397e-05 7.89839e-05 3.06977e-05 47.8998
-4.32706e-05 7.11988e-05 3.50926e-05 47.9998
-3.48545e-05 6.19079e-05 3.98485e-05 48.0998
-2.50676e-05 5.14288e-05 4.48251e-05 48.1998
-1.60324e-05 4.01187e-05 4.98677e-05 48.2998
-9.62308e-06 2.83446e-05 5.48128e-05 48.3998
-7.207e-06 1.64555e-05 5.94932e-05 48.4998
-9.46075e-06 4.7601e-06 6.37432e-05 48.5998
-1.62836e-05 -6.48764e-06 6.74034e-05 48.6998
-2.68205e-05 -1.70944e-05 7.03247e-05 48.7998
-3.95913e-05 -2.69243e-05 7.23718e-05 48.8998
-5.27075e-05 -3.58879e-05 7.3426e-05 48.9998
-6.41457e-05 -4.39265e-05 7.3387e-05 49.0998
-7.20419e-05 -5.09942e-05 7.21749e-05 49.1998
-7.49624e-05 -5.70406e-05 6.9731e-05 49.2998
-7.21174e-05 -6.19986e-05 6.60195e-05 49.3998
-6.34836e-05 -6.57776e-05 6.10278e-05 49.4998
-4.98223e-05 -6.82656e-05 5.4768e-05 49.5998
-3.25873e-05 -6.93388e-05 4.72779e-05 49.6998
-1.3736e-05 -6.88783e-05 3.86216e-05 49.7998
4.52964e-06 -6.67914e-05 2.88904e-05 49.8998
2.00595e-05 -6.30345e-05 1.82023e-05 49.9998
3.10456e-05 -5.76343e-05 6.70181e-06 50.0998
3.62685e-05 -5.07039e-05 -5.44201e-06 50.1998
3.52645e-05 -4.24512e-05 -1.80384e-05 50.2998
2.83922e-05 -3.31772e-05 -3.0879e-05 50.3998
1.67867e-05 -2.32645e-05 -4.37426e-05 50.4998
2.2092e-06 -1.3156e-05 -5.64013e-05 50.5998
-1.31882e-05 -3.32642e-06 -6.86276e-05 50.6998
-2.71517e-05 5.75157e-06 -8.02009e-05 50.7998
-3.76286e-05 1.3641e-05 -9.09147e-05 50.8998
-4.3043e-05 1.99722e-05 -0.000100583 50.9998
-4.25076e-05 2.44677e-05 -0.000109046 51.0998
-3.59424e-05 2.69583e-05 -0.000116173 51.1998
-2.40837e-05 2.73885e-05 -0.000121869 51.2998
-8.38433e-06 2.58115e-05 -0.000126073 51.3998
9.18352e-06 2.23737e-05 -0.000128758 51.4998
2.6394e-05 1.72926e-05 -0.000129931 51.5998
4.10665e-05 1.08303e-05 -0.000129633 51.6998
5.13563e-05 3.26581e-06 -0.000127929 51.7998
5.59981e-05 -5.12978e-06 -0.000124914 51.8998
5.44687e-05 -1.41119e-05 -0.000120701 51.9998
4.70473e-05 -2.34741e-05 -0.000115422 52.0998
3.47657e-05 -3.30506e-05 -0.000109223 52.1998
1.92556e-05 -4.27107e-05 -0.000102263 52.2998
2.51407e-06 -5.23466e-05 -9.4707e-05 52.3998
-1.33795e-05 -6.18575e-05 -8.67276e-05 52.4998
-2.65561e-05 -7.11323e-05 -7.84995e-05 52.5998
-3.56192e-05 -8.0035e-05 -7.01977e-05 52.6998
-3.98387e-05 -8.83952e-05 -6.19944e-05 52.7998
-3.92517e-05 -9.60059e-05 -5.4055e-05 52.8998
-3.46542e-05 -0.000102629 -4.65351e-05 52.9998
-2.74859e-05 -0.000108012 -3.95762e-05 53.0998
-1.96234e-05 -0.000111906 -3.33016e-05 53.1998
-1.31099e-05 -0.00011409 -2.78131e-05 53.2998
-9.85948e-06 -0.000114402 -2.31873e-05 53.3998
-1.13754e-05 -0.000112756 -1.94737e-05 53.4998
-1.85228e-05 -0.000109164 -1.66929e-05 53.5998
-3.13868e-05 -0.00010374 -1.48369e-05 53.6998
-4.92354e-05 -9.67041e-05 -1.38698e-05 53.7998
-7.05942e-05 -8.8365e-05 -1.37311e-05 53.8997
-9.3422e-05 -7.91019e-05 -1.43387e-05 53.9997
-0.000115366 -6.93343e-05 -1.5594e-05 54.0997
-0.000134058 -5.94897e-05 -1.73867e-05 54.1997
-0.000147421 -4.99697e-05 -1.96004e-05 54.2997
-0.00015393 -4.11205e-05 -2.21178e-05 54.3997
-0.000152808 -3.32094e-05 -2.48252e-05 54.4997
-0.00014412 -2.64105e-05 -2.76164e-05 54.5997
-0.000128755 -2.08007e-05 -3.03956e-05 54.6997
-0.000108307 -1.63663e-05 -3.30789e-05 54.7997
-8.48522e-05 -1.30186e-05 -3.5595e-05 54.8997
-6.06768e-05 -1.06149e-05 -3.78854e-05 54.9997
-3.79748e-05 -8.98455e-06 -3.9903e-05 55.0997
-1.85646e-05 -7.95329e-06 -4.16115e-05 55.1997
-3.66257e-06 -7.36472e-06 -4.29834e-05 55.2997
6.2586e-06 -7.09532e-06 -4.39991e-05 55.3997
1.15047e-05 -7.06142e-06 -4.46458e-05 55.4997
1.30862e-05 -7.2177e-06 -4.49166e-05 55.5997
1.25459e-05 -7.54793e-06 -4.48104e-05 55.6997
1.1712e-05 -8.04985e-06 -4.43316e-05 55.7997
1.24126e-05 -8.71697e-06 -4.349e-05 55.8997
1.61899e-05 -9.52052e-06 -4.23007e-05 55.9997
2.40561e-05 -1.03948e-05 -4.07835e-05 56.0997
3.6323e-05 -1.12284e-05 -3.89625e-05 56.1997
5.25322e-05 -1.18639e-05 -3.68641e-05 56.2997
7.14933e-05 -1.21054e-05 -3.45158e-05 56.3997
9.14276e-05 -1.1735e-05 -3.19433e-05 56.4997
0.000110197 -1.0535e-05 -2.91687e-05 56.5997
0.00012559 -8.31413e-06 -2.62078e-05 56.6997
0.000135615 -4.93312e-06 -2.3068e-05 56.7997
0.000138783 -3.27972e-07 -1.97468e-05 56.8997
0.000134314 5.4741e-06 -1.62314e-05 56.9997
0.000122258 1.23475e-05 -1.2499e-05 57.0997
0.000103507 2.00716e-05 -8.51812e-06 57.1997
7.96929e-05 2.83441e-05 -4.25133e-06 57.2997
5.29937e-05 3.68041e-05 3.41416e-07 57.3997
2.58617e-05 4.50615e-05 5.29879e-06 57.4997
7.20513e-07 5.27291e-05 1.06538e-05 57.5997
-2.03337e-05 5.9456e-05 1.64295e-05 57.6997
-3.57856e-05 6.49547e-05 2.26356e-05 57.7997
-4.48745e-05 6.90228e-05 2.92648e-05 57.8997
-4.76658e-05 7.15543e-05 3.62916e-05 57.9997
-4.50115e-05 7.25411e-05 4.3671e-05 58.0997
-3.84053e-05 7.20635e-05 5.13391e-05 58.1997
-2.97531e-05 7.02741e-05 5.92144e-05 58.2997
-2.10913e-05 6.73738e-05 6.72004e-05 58.3997
-1.42913e-05 6.35871e-05 7.51881e-05 58.4997
-1.07906e-05 5.91376e-05 8.30598e-05 58.5997
-1.13895e-05 5.42281e-05 9.06922e-05 58.6997
-1.61386e-05 4.9027e-05 9.79601e-05 58.7997
-2.43344e-05 4.36636e-05 0.000104739 58.8997
-3.46226e-05 3.8231e-05 0.000110906 58.9997
-4.51946e-05 3.27966e-05 0.000116347 59.0997
-5.40501e-05 2.74178e-05 0.000120953 59.1997
-5.92889e-05 2.21596e-05 0.000124623 59.2997
-5.93917e-05 1.71117e-05 0.000127268 59.3997
-5.34507e-05 1.24002e-05 0.000128812 59.4997
-4.13172e-05 8.19435e-06 0.000129192 59.5997
-2.36464e-05 4.70336e-06 0.000128362 59.6997
-1.83098e-06 2.16546e-06 0.000126295 59.7997
2.21664e-05 8.28898e-07 0.000122987 59.8997
4.60606e-05 9.27291e-07 0.000118457 59.9997
6.75373e-05 2.65232e-06 0.000112753 60.0997
8.45532e-05 6.1272e-06 0.000105947 60.1997
9.56012e-05 1.13845e-05 9.81425e-05 60.2997
9.99058e-05 1.83516e-05 8.94708e-05 60.3997
9.75209e-05 2.68454e-05 8.00879e-05 60.4996
8.93171e-05 3.65784e-05 7.01725e-05 60.5996
7.68605e-05 4.71747e-05 5.99213e-05 60.6996
6.2199e-05 5.81954e-05 4.95425e-05 60.7996
4.75848e-05 6.91695e-05 3.92503e-05 60.8996
3.51715e-05 7.96286e-05 2.92573e-05 60.9996
2.67266e-05 8.91395e-05 1.9768e-05 61.0996
2.33977e-05 9.73324e-05 1.09724e-05 61.1996
2.5565e-05 0.000103922 3.04044e-06 61.2996
3.2799e-05 0.00010872 -3.88273e-06 61.3996
4.39294e-05 0.000111633 -9.67986e-06 61.4996
5.72143e-05 0.000112655 -1.42639e-05 61.5996
7.05873e-05 0.000111853 -1.75787e-05 61.6996
8.19473e-05 0.000109345 -1.95992e-05 61.7996
8.94523e-05 0.000105273 -2.03303e-05 61.8996
9.1775e-05 9.97873e-05 -1.98053e-05 61.9996
8.82864e-05 9.30253e-05 -1.80844e-05 62.0996
7.91427e-05 8.51048e-05 -1.52524e-05 62.1996
6.52615e-05 7.61211e-05 -1.14168e-05 62.2996
4.81935e-05 6.61534e-05 -6.70587e-06 62.3996
2.99051e-05 5.52775e-05 -1.26633e-06 62.4996
1.25039e-05 4.35824e-05 4.73864e-06 62.5996
-2.05624e-06 3.11881e-05 1.11321e-05 62.6996
-1.22489e-05 1.82609e-05 1.7726e-05 62.7996
-1.71903e-05 5.02314e-06 2.43254e-05 62.8996
-1.67657e-05 -8.24369e-06 3.07317e-05 62.9996
-1.16489e-05 -2.1206e-05 3.67482e-05 63.0996
-3.21264e-06 -3.34932e-05 4.21852e-05 63.1996
6.65877e-06 -4.47208e-05 4.68654e-05 63.2996
1.58293e-05 -5.45187e-05 5.06298e-05 63.3996
2.22077e-05 -6.25617e-05 5.33427e-05 63.4996
2.40406e-05 -6.85979e-05 5.48965e-05 63.5996
2.01617e-05 -7.24728e-05 5.52154e-05 63.6996
1.01632e-05 -7.41445e-05 5.42574e-05 63.7996
-5.53469e-06 -7.36891e-05 5.20154e-05 63.8996
-2.57249e-05 -7.12951e-05 4.85163e-05 63.9996
-4.85617e-05 -6.72473e-05 4.38192e-05 64.0996
-7.17945e-05 -6.19019e-05 3.80113e-05 64.1996
-9.30566e-05 -5.56564e-05 3.12043e-05 64.2996
-0.00011017 -4.89162e-05 2.35288e-05 64.3996
-0.000121424 -4.20642e-05 1.51287e-05 64.4996
-0.000125792 -3.54338e-05 6.15678e-06 64.5996
-0.000123055 -2.9291e-05 -3.23109e-06 64.6996
-0.000113819 -2.38253e-05 -1.28796e-05 64.7996
-9.94203e-05 -1.91501e-05 -2.26375e-05 64.8996
-8.1733e-05 -1.53125e-05 -3.23605e-05 64.9996
-6.29107e-05 -1.23095e-05 -4.19131e-05 65.0996
-4.50904e-05 -1.01086e-05 -5.11696e-05 65.1996
-3.01041e-05 -8.66816e-06 -6.00155e-05 65.2996
-1.92371e-05 -7.95552e-06 -6.8348e-05 65.3996
-1.30645e-05 -7.95962e-06 -7.60765e-05 65.4996
-1.13899e-05 -8.69594e-06 -8.31239e-05 65.5996
-1.32933e-05 -1.02035e-05 -8.94269e-05 65.6996
-1.72812e-05 -1.25341e-05 -9.49378e-05 65.7996
-2.15188e-05 -1.57363e-05 -9.96246e-05 65.8996
-2.41107e-05 -1.98352e-05 -0.000103472 65.9996
-2.33913e-05 -2.48132e-05 -0.000106484 66.0996
-1.81847e-05 -3.05937e-05 -0.000108679 66.1996
-7.99754e-06 -3.7031e-05 -0.000110093 66.2996
6.88318e-06 -4.39085e-05 -0.000110776 66.3996
2.54003e-05 -5.09468e-05 -0.000110791 66.4996
4.58454e-05 -5.78201e-05 -0.000110207 66.5996
6.60693e-05 -6.41806e-05 -0.0001091 66.6996
8.37583e-05 -6.96878e-05 -0.000107543 66.7996
9.67359e-05 -7.4039e-05 -0.000105607 66.8996
0.000103252 -7.69983e-05 -0.000103356 66.9995
0.000102218 -7.84185e-05 -0.000100842 67.0995
9.33586e-05 -7.82567e-05 -9.81029e-05 67.1995
7.72541e-05 -7.65771e-05 -9.51655e-05 67.2995
5.52749e-05 -7.35452e-05 -9.20423e-05 67.3995
2.94107e-05 -6.941e-05 -8.87342e-05 67.4995
2.01979e-06 -6.44798e-05 -8.52328e-05 67.5995
-2.44674e-05 -5.90922e-05 -8.15238e-05 67.6995
-4.78518e-05 -5.35826e-05 -7.75905e-05 67.7995
-6.64341e-05 -4.82558e-05 -7.34172e-05 67.8995
-7.92128e-05 -4.33624e-05 -6.89922e-05 67.9995
-8.59861e-05 -3.90838e-05 -6.4311e-05 68.0995
-8.73435e-05 -3.55265e-05 -5.93775e-05 68.1995
-8.45497e-05 -3.27259e-05 -5.42054e-05 68.2995
-7.93383e-05 -3.06583e-05 -4.88186e-05 68.3995
-7.36426e-05 -2.92591e-05 -4.32502e-05 68.4995
-6.93036e-05 -2.84437e-05 -3.75418e-05 68.5995
-6.77932e-05 -2.81279e-05 -3.17425e-05 68.6995
-6.99934e-05 -2.82448e-05 -2.5907e-05 68.7995
-7.6061e-05 -2.87559e-05 -2.00949e-05 68.8995
-8.53964e-05 -2.96533e-05 -1.43695e-05 68.9995
-9.67217e-05 -3.09554e-05 -8.79681e-06 69.0995
-0.000108258 -3.26936e-05 -3.44575e-06 69.1995
-0.000117974 -3.48949e-05 1.61283e-06 69.2995
-0.000123877 -3.7562e-05 6.30634e-06 69.3995
-0.000124304 -4.06535e-05 1.05612e-05 69.4995
-0.000118166 -4.40693e-05 1.43038e-05 69.5995
-0.000105124 -4.76424e-05 1.74628e-05 69.6995
-8.56597e-05 -5.11393e-05 1.99707e-05 69.7995
-6.10412e-05 -5.42703e-05 2.17675e-05 69.8995
-3.31765e-05 -5.67086e-05 2.28039e-05 69.9995
-4.38353e-06 -5.81164e-05 2.30452e-05 70.0995
2.28975e-05 -5.81753e-05 2.24748e-05 70.1995
4.64096e-05 -5.6617e-05 2.1098e-05 70.2995
6.43613e-05 -5.32513e-05 1.8944e-05 70.3995
7.56473e-05 -4.79875e-05 1.60681e-05 70.4995
7.99786e-05 -4.08468e-05 1.25516e-05 70.5995
7.79034e-05 -3.19638e-05 8.50112e-06 70.6995
7.07184e-05 -2.15775e-05 4.046e-06 70.7995
6.02801e-05 -1.00121e-05 -6.65354e-07 70.8995
4.87441e-05 2.3498e-06 -5.47018e-06 70.9995
3.82677e-05 1.50974e-05 -1.01968e-05 71.0995
3.0715e-05 2.78238e-05 -1.46705e-05 71.1995
2.74071e-05 4.01541e-05 -1.87192e-05 71.2995
2.89486e-05 5.17682e-05 -2.21792e-05 71.3995
3.51556e-05 6.24147e-05 -2.48998e-05 71.4995
4.50936e-05 7.19154e-05 -2.67471e-05 71.5995
5.72202e-05 8.01613e-05 -2.76079e-05 71.6995
6.96119e-05 8.71001e-05 -2.7391e-05 71.7995
8.02434e-05 9.27191e-05 -2.60291e-05 71.8995
8.72814e-05 9.70258e-05 -2.34798e-05 71.9995
8.93504e-05 0.00010003 -1.97254e-05 72.0995
8.5736e-05 0.00010173 -1.47735e-05 72.1995
7.64952e-05 0.000102105 -8.65653e-06 72.2995
6.24592e-05 0.000101116 -1.43194e-06 72.3995
4.51289e-05 9.87152e-05 6.81812e-06 72.4995
2.64756e-05 9.48596e-05 1.59872e-05 72.5995
8.67533e-06 8.95313e-05 2.59449e-05 72.6995
-6.18727e-06 8.27587e-05 3.65385e-05 72.7995
-1.64042e-05 7.46343e-05 4.75944e-05 72.8995
-2.08798e-05 6.53292e-05 5.89206e-05 72.9995
-1.92847e-05 5.5098e-05 7.03109e-05 73.0995
-1.21047e-05 4.4275e-05 8.15491e-05 73.1995
-5.80275e-07 3.32609e-05 9.24145e-05 73.2995
1.34581e-05 2.25e-05 0.000102688 73.3995
2.7835e-05 1.24506e-05 0.00011216 73.4995
4.0323e-05 3.55207e-06 0.000120635 73.5994
4.89432e-05 -3.80789e-06 0.000127939 73.6994
5.22341e-05 -9.32287e-06 0.000133926 73.7994
4.94496e-05 -1.27898e-05 0.00013848 73.8994
4.06622e-05 -1.41216e-05 0.000141522 73.9994
2.67549e-05 -1.33492e-05 0.000143007 74.0994
9.30504e-06 -1.06121e-05 0.000142928 74.1994
-9.62617e-06 -6.14051e-06 0.000141314 74.2994
-2.77675e-05 -2.29205e-07 0.000138226 74.3994
-4.29394e-05 6.79127e-06 0.000133753 74.4994
-5.33414e-05 1.4584e-05 0.00012801 74.5994
-5.77876e-05 2.28318e-05 0.000121133 74.6994
-5.5856e-05 3.12564e-05 0.000113273 74.7994
-4.79348e-05 3.96301e-05 0.000104593 74.8994
-3.51568e-05 4.77777e-05 9.52631e-05 74.9994
-1.92342e-05 5.55708e-05 8.54585e-05 75.0994
-2.2143e-06 6.29148e-05 7.53551e-05 75.1994
1.38073e-05 6.97318e-05 6.51272e-05 75.2994
2.69789e-05 7.59436e-05 5.49454e-05 75.3994
3.59479e-05 8.14558e-05 4.49735e-05 75.4994
4.00444e-05 8.6148e-05 3.53665e-05 75.5994
3.93685e-05 8.98714e-05 2.62673e-05 75.6994
3.47679e-05 9.24537e-05 1.78041e-05 75.7994
2.77105e-05 9.37127e-05 1.00875e-05 75.8994
2.00679e-05 9.34754e-05 3.20706e-06 75.9994
1.38411e-05 9.16013e-05 -2.77067e-06 76.0994
1.08655e-05 8.80059e-05 -7.80469e-06 76.1994
1.25364e-05 8.26811e-05 -1.18806e-05 76.2994
1.95934e-05 7.57091e-05 -1.50109e-05 76.3994
3.19927e-05 6.72688e-05 -1.7234e-05 76.4994
4.88874e-05 5.76307e-05 -1.8612e-05 76.5994
6.87174e-05 4.71427e-05 -1.92277e-05 76.6994
8.93981e-05 3.62068e-05 -1.91796e-05 76.7994
0.000108583 2.52489e-05 -1.85777e-05 76.8994
0.000123966 1.46861e-05 -1.75375e-05 76.9994
0.000133578 4.8939e-06 -1.6175e-05 77.0994
0.000136044 -3.82218e-06 -1.46019e-05 77.1994
0.000130762 -1.12474e-05 -1.2921e-05 77.2994
0.000117982 -1.72692e-05 -1.12233e-05 77.3994
9.87711e-05 -2.18781e-05 -9.58615e-06 77.4994
7.48738e-05 -2.51576e-05 -8.07187e-06 77.5994
4.84823e-05 -2.72659e-05 -6.72845e-06 77.6994
2.19526e-05 -2.84114e-05 -5.59041e-06 77.7994
-2.49814e-06 -2.8825e-05 -4.68057e-06 77.8994
-2.30707e-05 -2.87338e-05 -4.01218e-06 77.9994
-3.86024e-05 -2.83389e-05 -3.591e-06 78.0994
-4.8695e-05 -2.77991e-05 -3.41731e-06 78.1994
-5.37357e-05 -2.72244e-05 -3.48743e-06 78.2994
-5.48091e-05 -2.66775e-05 -3.79492e-06 78.3994
-5.35131e-05 -2.61831e-05 -4.33124e-06 78.4994
-5.17042e-05 -2.57434e-05 -5.08607e-06 78.5994
-5.12095e-05 -2.53568e-05 -6.04748e-06 78.6994
-5.35438e-05 -2.50356e-05 -7.20198e-06 78.7994
-5.96728e-05 -2.48212e-05 -8.53482e-06 78.8994
-6.98553e-05 -2.47924e-05 -1.00305e-05 78.9994
-8.3586e-05 -2.50666e-05 -1.16738e-05 79.0994
-9.96484e-05 -2.57921e-05 -1.34511e-05 79.1994
-0.000116269 -2.71328e-05 -1.53518e-05 79.2994
-0.000131357 -2.9247e-05 -1.73702e-05 79.3994
-0.000142787 -3.22635e-05 -1.95075e-05 79.4994
-0.000148697 -3.62577e-05 -2.17723e-05 79.5994
-0.000147754 -4.12315e-05 -2.41819e-05 79.6994
-0.000139356 -4.70999e-05 -2.67621e-05 79.7994
-0.000123727 -5.36876e-05 -2.95456e-05 79.8994
-0.000101921 -6.07343e-05 -3.25705e-05 79.9994
-7.5697e-05 -6.79111e-05 -3.58771e-05 80.0993
-4.73148e-05 -7.48455e-05 -3.9504e-05 80.1993
-1.92559e-05 -8.11512e-05 -4.34844e-05 80.2993
6.08238e-06 -8.64612e-05 -4.78414e-05 80.3993
2.66816e-05 -9.04596e-05 -5.25846e-05 80.4993
4.1145e-05 -9.29079e-05 -5.77065e-05 80.5993
4.88577e-05 -9.36636e-05 -6.31805e-05 80.6993
5.00416e-05 -9.26893e-05 -6.89593e-05 80.7993
4.56983e-05 -9.00503e-05 -7.49754e-05 80.8993
3.745e-05 -8.59031e-05 -8.11423e-05 80.9993
2.72984e-05 -8.04748e-05 -8.73567e-05 81.0993
1.73365e-05 -7.40376e-05 -9.35024e-05 81.1993
9.45255e-06 -6.68812e-05 -9.94534e-05 81.2993
5.06688e-06 -5.92873e-05 -0.000105079 81.3993
4.93748e-06 -5.15077e-05 -0.000110246 81.4993
9.06097e-06 -4.37511e-05 -0.000114826 81.5993
1.6682e-05 -3.61771e-05 -0.000118695 81.6993
2.64095e-05 -2.88997e-05 -0.000121739 81.7993
3.64236e-05 -2.19975e-05 -0.000123855 81.8993
4.47437e-05 -1.55298e-05 -0.000124952 81.9993
4.95209e-05 -9.55351e-06 -0.000124955 82.0993
4.93135e-05 -4.14051e-06 -0.000123804 82.1993
4.33083e-05 6.10404e-07 -0.000121456 82.2993
3.14545e-05 4.56763e-06 -0.000117887 82.3993
1.44939e-05 7.56917e-06 -0.000113094 82.4993
-6.11944e-06 9.43333e-06 -0.000107095 82.5993
-2.83989e-05 9.97668e-06 -9.99298e-05 82.6993
-5.00799e-05 9.03721e-06 -9.16659e-05 82.7993
-6.89149e-05 6.49953e-06 -8.23948e-05 82.8993
-8.29696e-05 2.31877e-06 -7.22349e-05 82.9993
-9.08791e-05 -3.46041e-06 -6.13294e-05 83.0993
-9.20283e-05 -1.06925e-05 -4.98452e-05 83.1993
-8.66341e-05 -1.91294e-05 -3.79695e-05 83.2993
-7.5715e-05 -2.84298e-05 -2.59054e-05 83.3993
-6.09541e-05 -3.81778e-05 -1.38665e-05 83.4993
-4.44738e-05 -4.79105e-05 -2.07074e-06 83.5993
-2.85516e-05 -5.71503e-05 9.26662e-06 83.6993
-1.53161e-05 -6.54401e-05 1.99398e-05 83.7993
-6.46498e-06 -7.23748e-05 2.97592e-05 83.8993
-3.04137e-06 -7.7629e-05 3.85572e-05 83.9993
-5.30124e-06 -8.09755e-05 4.61934e-05 84.0993
-1.26872e-05 -8.22936e-05 5.25579e-05 84.1993
-2.39132e-05 -8.15671e-05 5.75739e-05 84.2993
-3.7148e-05 -7.88727e-05 6.11985e-05 84.3993
-5.02715e-05 -7.43603e-05 6.34224e-05 84.4993
-6.1169e-05 -6.82291e-05 6.42684e-05 84.5993
-6.80235e-05 -6.07024e-05 6.37894e-05 84.6993
-6.95644e-05 -5.2004e-05 6.20656e-05 84.7993
-6.52404e-05 -4.23405e-05 5.9201e-05 84.8993
-5.52919e-05 -3.18906e-05 5.53211e-05 84.9993
-4.07136e-05 -2.08026e-05 5.0569e-05 85.0993
-2.31128e-05 -9.19997e-06 4.51032e-05 85.1993
-4.4834e-06 2.80655e-06 3.90943e-05 85.2993
1.30743e-05 1.51031e-05 3.27226e-05 85.3993
2.76472e-05 2.75555e-05 2.61747e-05 85.4993
3.77773e-05 3.9995e-05 1.96406e-05 85.5993
4.26656e-05 5.22088e-05 1.33101e-05 85.6993
4.22852e-05 6.39382e-05 7.3685e-06 85.7993
3.73863e-05 7.48853e-05 1.99263e-06 85.8993
2.9392e-05 8.47286e-05 -2.65432e-06 85.9993
2.02007e-05 9.31446e-05 -6.42743e-06 86.0993
1.19199e-05 9.98355e-05 -9.20483e-06 86.1993
6.56908e-06 0.000104557 -1.08918e-05 86.2993
5.79224e-06 0.000107144 -1.14243e-05 86.3993
1.06193e-05 0.000107532 -1.07711e-05 86.4993
2.13092e-05 0.000105767 -8.93494e-06 86.5993
3.72972e-05 0.000102011 -5.95172e-06 86.6992
5.72536e-05 9.65284e-05 -1.88887e-06 86.7992
7.92458e-05 8.96687e-05 3.15816e-06 86.8992
0.000100983 8.18397e-05 9.07029e-06 86.9992
0.000120112 7.34745e-05 1.57101e-05 87.0992
0.000134516 6.49979e-05 2.29276e-05 87.1992
0.000142594 5.67959e-05 3.05658e-05 87.2992
0.000143458 4.91895e-05 3.84662e-05 87.3992
0.000137049 4.24185e-05 4.64739e-05 87.4992
0.000124129 3.66345e-05 5.44411e-05 87.5992
0.000106178 3.19034e-05 6.22302e-05 87.6992
8.51834e-05 2.82184e-05 6.9716e-05 87.7992
6.33755e-05 2.55179e-05 7.67868e-05 87.8992
4.2927e-05 2.37088e-05 8.3345e-05 87.9992
2.56673e-05 2.26882e-05 8.93068e-05 88.0992
1.28479e-05 2.23635e-05 9.46024e-05 88.1992
4.99117e-06 2.26661e-05 9.91756e-05 88.2992
1.84198e-06 2.35571e-05 0.000102984 88.3992
2.42947e-06 2.50251e-05 0.000105998 88.4992
5.22921e-06 2.7077e-05 0.000108202 88.5992
8.40296e-06 2.97216e-05 0.000109595 88.6992
1.00823e-05 3.29517e-05 0.000110189 88.7992
8.6571e-06 3.67255e-05 0.000110011 88.8992
3.02755e-06 4.09515e-05 0.000109099 88.9992
-7.21505e-06 4.54797e-05 0.000107507 89.0992
-2.17044e-05 5.01013e-05 0.000105294 89.1992
-3.93245e-05 5.45567e-05 0.000102529 89.2992
-5.83416e-05 5.8553e-05 9.92849e-05 89.3992
-7.66243e-05 6.17877e-05 9.56331e-05 89.4992
-9.19246e-05 6.39768e-05 9.16428e-05 89.5992
-0.000102178 6.48834e-05 8.73759e-05 89.6992
-0.000105787 6.43444e-05 8.28841e-05 89.7992
-0.00010184 6.22895e-05 7.82069e-05 89.8992
-9.02523e-05 5.87525e-05 7.33705e-05 89.9992
-7.17864e-05 5.38716e-05 6.83879e-05 90.0992
-4.79716e-05 4.78792e-05 6.32601e-05 90.1992
-2.09172e-05 4.10822e-05 5.79786e-05 90.2992
6.94781e-06 3.38342e-05 5.25281e-05 90.3992
3.31764e-05 2.65042e-05 4.68906e-05 90.4992
5.5605e-05 1.94448e-05 4.10493e-05 90.5992
7.26143e-05 1.2963e-05 3.49919e-05 90.6992
8.33161e-05 7.29807e-06 2.87143e-05 90.7992
8.76395e-05 2.60747e-06 2.22224e-05 90.8992
8.6306e-05 -1.03667e-06 1.55345e-05 90.9992
8.06995e-05 -3.64167e-06 8.6808e-06 91.0992
7.2647e-05 -5.28003e-06 1.70389e-06 91.1992
6.41431e-05 -6.06928e-06 -5.34285e-06 91.2992
5.70553e-05 -6.14914e-06 -1.23969e-05 91.3992
5.28522e-05 -5.65944e-06 -1.93884e-05 91.4992
5.23903e-05 -4.72191e-06 -2.62426e-05 91.5992
5.57908e-05 -3.42846e-06 -3.28817e-05 91.6992
6.24219e-05 -1.83736e-06 -3.92262e-05 91.7992
7.09904e-05 2.24552e-08 -4.51968e-05 91.8992
7.97278e-05 2.13975e-06 -5.07152e-05 91.9992
8.66474e-05 4.50438e-06 -5.57051e-05 92.0992
8.98347e-05 7.08834e-06 -6.00929e-05 92.1992
8.77321e-05 9.82796e-06 -6.38088e-05 92.2992
7.93779e-05 1.26102e-05 -6.67884e-05 92.3992
6.45648e-05 1.52662e-05 -6.8974e-05 92.4992
4.38985e-05 1.75728e-05 -7.03172e-05 92.5992
1.87438e-05 1.92637e-05 -7.07815e-05 92.6992
-8.93223e-06 2.0049e-05 -7.03454e-05 92.7992
-3.68007e-05 1.96405e-05 -6.90053e-05 92.8992
-6.24623e-05 1.77811e-05 -6.67788e-05 92.9992
-8.37512e-05 1.42737e-05 -6.37066e-05 93.0992
-9.9009e-05 9.00629e-06 -5.98547e-05 93.1992
-0.000107293 1.97009e-06 -5.53141e-05 93.2991
-0.000108488 -6.73159e-06 -5.02007e-05 93.3991
-0.000103313 -1.68855e-05 -4.46526e-05 93.4991
-9.32143e-05 -2.81814e-05 -3.88269e-05 93.5991
-8.01603e-05 -4.02341e-05 -3.28946e-05 93.6991
-6.63758e-05 -5.26126e-05 -2.70358e-05 93.7991
-5.40387e-05 -6.4873e-05 -2.14328e-05 93.8991
-4.49885e-05 -7.65906e-05 -1.62641e-05 93.9991
-4.04842e-05 -8.7389e-05 -1.16987e-05 94.0991
-4.10437e-05 -9.69614e-05 -7.89023e-06 94.1991
-4.63865e-05 -0.000105084 -4.97245e-06 94.2991
-5.5487e-05 -0.000111618 -3.0558e-06 94.3991
-6.67307e-05 -0.000116506 -2.22476e-06 94.4991
-7.8151e-05 -0.000119753 -2.53654e-06 94.5991
-8.7714e-05 -0.000121412 -4.02048e-06 94.6991
-9.36115e-05 -0.000121559 -6.67833e-06 94.7991
-9.45215e-05 -0.000120279 -1.0485e-05 94.8991
-8.98007e-05 -0.000117643 -1.53896e-05 94.9991
-7.95823e-05 -0.000113706 -2.13167e-05 95.0991
-6.47642e-05 -0.000108504 -2.81678e-05 95.1991
-4.68918e-05 -0.000102061 -3.58221e-05 95.2991
-2.79488e-05 -9.44044e-05 -4.41389e-05 95.3991
-1.0086e-05 -8.55803e-05 -5.29584e-05 95.4991
4.67442e-06 -7.56751e-05 -6.2104e-05 95.5991
1.47182e-05 -6.48306e-05 -7.13854e-05 95.6991
1.90646e-05 -5.32562e-05 -8.06012e-05 95.7991
1.75054e-05 -4.12321e-05 -8.95436e-05 95.8991
1.06389e-05 -2.91036e-05 -9.80029e-05 95.9991
-2.06796e-07 -1.72668e-05 -0.000105773 96.0991
-1.31511e-05 -6.14441e-06 -0.000112658 96.1991
-2.6014e-05 3.84277e-06 -0.000118478 96.2991
-3.6612e-05 1.23082e-05 -0.000123075 96.3991
-4.3056e-05 1.89305e-05 -0.000126318 96.4991
-4.40101e-05 2.34806e-05 -0.000128109 96.5991
-3.88771e-05 2.58398e-05 -0.000128383 96.6991
-2.78846e-05 2.60096e-05 -0.000127116 96.7991
-1.20601e-05 2.41092e-05 -0.000124317 96.8991
6.90177e-06 2.03629e-05 -0.000120034 96.9991
2.68614e-05 1.5078e-05 -0.000114347 97.0991
4.55164e-05 8.61662e-06 -0.000107365 97.1991
6.07039e-05 1.36447e-06 -9.92243e-05 97.2991
7.06852e-05 -6.30017e-06 -9.00773e-05 97.3991
7.437e-05 -1.40327e-05 -8.00925e-05 97.4991
7.14536e-05 -2.15419e-05 -6.94471e-05 97.5991
6.24467e-05 -2.86001e-05 -5.83226e-05 97.6991
4.85956e-05 -3.50451e-05 -4.69009e-05 97.7991
3.17027e-05 -4.07722e-05 -3.53607e-05 97.8991
1.38742e-05 -4.57205e-05 -2.38746e-05 97.9991
-2.77186e-06 -4.98544e-05 -1.26069e-05 98.0991
-1.63957e-05 -5.31449e-05 -1.71172e-06 98.1991
-2.56841e-05 -5.55537e-05 8.66914e-06 98.2991
-3.00235e-05 -5.70215e-05 1.84078e-05 98.3991
-2.95737e-05 -5.7465e-05 2.73921e-05 98.4991
-2.52317e-05 -5.67811e-05 3.55279e-05 98.5991
-1.84922e-05 -5.48586e-05 4.27406e-05 98.6991
-1.12225e-05 -5.15964e-05 4.89772e-05 98.7991
-5.38411e-06 -4.69247e-05 5.42082e-05 98.8991
-2.73973e-06 -4.08264e-05 5.84278e-05 98.9991
-4.58591e-06 -3.33546e-05 6.16549e-05 99.0991
-1.1549e-05 -2.4645e-05 6.39319e-05 99.1991
-2.34727e-05 -1.49187e-05 6.53231e-05 99.2991
-3.9414e-05 -4.47549e-06 6.59119e-05 99.3991
-5.77482e-05 6.32218e-06 6.57968e-05 99.4991
-7.63694e-05 1.70739e-05 6.5087e-05 99.5991
-9.29602e-05 2.73713e-05 6.3897e-05 99.6991
-0.000105294 3.68307e-05 6.23418e-05 99.799
-0.000111529 4.51239e-05 6.05315e-05 99.899
-0.000110453 5.20047e-05 5.85671e-05 99.999
