0 0 0 0
0 0 0 0.1
2.01372e-07 0 0 0.2
8.01131e-07 2.01381e-09 0 0.3
1.98768e-06 1.19989e-08 2.01389e-11 0.4
3.9368e-06 4.16217e-08 1.6007e-10 0.5
6.8079e-06 1.09783e-07 7.14632e-10 0.6
1.07407e-05 2.43835e-07 2.35991e-09 0.7
1.58524e-05 4.80443e-07 6.42e-09 0.8
2.22354e-05 8.66032e-07 1.52204e-08 0.9
2.99556e-05 1.45681e-06 3.25292e-08 1
3.90513e-05 2.31833e-06 6.40809e-08 1.1
4.95329e-05 3.52463e-06 1.18175e-07 1.2
6.13828e-05 5.15694e-06 2.06335e-07 1.3
7.45569e-05 7.302e-06 3.44e-07 1.4
8.89853e-05 1.005e-05 5.51246e-07 1.5
0.000104575 1.34923e-05 8.53479e-07 1.6
0.000121212 1.77191e-05 1.2821e-06 1.7
0.000138765 2.28163e-05 1.87509e-06 1.8
0.000157085 2.88636e-05 2.67748e-06 1.9
0.000176017 3.59311e-05 3.74174e-06 2
0.000195394 4.40775e-05 5.12787e-06 2.1
0.000215046 5.33475e-05 6.9035e-06 2.2
0.000234804 6.37698e-05 9.14354e-06 2.3
0.000254501 7.53561e-05 1.19298e-05 2.4
0.000273976 8.80993e-05 1.53503e-05 2.5
0.000293079 0.000101974 1.94983e-05 2.6
0.00031167 0.000116934 2.4471e-05 2.7
0.000329625 0.000132917 3.03682e-05 2.8
0.000346833 0.000149841 3.72908e-05 2.9
0.000363203 0.000167609 4.53389e-05 3
0.00037866 0.00018611 5.46095e-05 3.1
0.000393148 0.000205222 6.5195e-05 3.2
0.000406627 0.000224812 7.71807e-05 3.3
0.000419077 0.000244743 9.06424e-05 3.4
0.000430491 0.000264876 0.000105645 3.5
0.00044088 0.000285073 0.00012224 3.6
0.000450265 0.000305199 0.000140462 3.7
0.000458681 0.000325128 0.000160332 3.8
0.00046617 0.000344744 0.000181849 3.9
0.000472782 0.000363945 0.000204995 4
0.000478575 0.000382644 0.00022973 4.1
0.000483605 0.000400774 0.000255994 4.2
0.000487935 0.000418283 0.000283705 4.3
0.000491624 0.000435143 0.000312761 4.4
0.00049473 0.000451343 0.000343041 4.5
0.000497309 0.000466894 0.000374403 4.6
0.000499413 0.000481823 0.000406689 4.7
0.00050109 0.000496177 0.000439726 4.8
0.00050238 0.000510015 0.000473327 4.9
0.000503323 0.00052341 0.000507294 5
0.000503949 0.000536442 0.000541422 5.1
0.000504288 0.000549199 0.000575499 5.2
0.000504361 0.00056177 0.000609312 5.3
0.000504191 0.000574241 0.000642649 5.4
0.000503792 0.000586696 0.000675302 5.5
0.000503181 0.000599208 0.000707067 5.6
0.000502371 0.000611838 0.000737754 5.7
0.000501372 0.000624632 0.00076718 5.8
0.000500197 0.000637618 0.000795181 5.9
0.000498856 0.000650806 0.000821605 6
0.000497361 0.000664182 0.00084632 6.1
0.00049572 0.000677711 0.000869214 6.2
0.000493945 0.000691335 0.000890192 6.3
0.000492042 0.000704973 0.000909181 6.4
0.000490019 0.000718524 0.000926127 6.5
0.000487879 0.000731865 0.000940997 6.6
0.000485621 0.000744857 0.000953775 6.7
0.000483242 0.000757346 0.000964464 6.8
0.000480728 0.000769165 0.000973081 6.9
0.000478062 0.000780139 0.000979659 7
0.000475218 0.000790086 0.000984241 7.1
0.000472159 0.000798826 0.000986882 7.2
0.000468839 0.00080618 0.000987642 7.3
0.000465202 0.000811975 0.000986587 7.4
0.000461181 0.000816048 0.000983786 7.5
0.000456696 0.00081825 0.000979308 7.6
0.00045166 0.000818446 0.000973219 7.7
0.000445974 0.000816522 0.000965582 7.79999
0.000439531 0.000812384 0.000956455 7.89999
0.000432217 0.000805957 0.000945888 7.99999
0.000423914 0.000797193 0.000933921 8.09999
0.000414499 0.000786063 0.000920587 8.2
0.00040385 0.000772562 0.000905908 8.3
0.000391846 0.000756709 0.000889896 8.4
0.000378374 0.000738538 0.000872552 8.5
0.000363326 0.000718107 0.000853869 8.6
0.000346607 0.000695486 0.000833828 8.7
0.000328134 0.000670759 0.000812404 8.8
0.000307845 0.000644023 0.000789564 8.9
0.000285693 0.000615382 0.000765269 9
0.000261654 0.000584943 0.000739475 9.1
0.00023573 0.000552817 0.000712137 9.2
0.000207945 0.000519113 0.000683206 9.3
0.00017835 0.00048394 0.000652635 9.4
0.000147021 0.000447398 0.000620377 9.5
0.000114062 0.000409584 0.00058639 9.6
7.95998e-05 0.000370582 0.000550636 9.7
4.3786e-05 0.000330472 0.000513081 9.8
6.79367e-06 0.000289323 0.000473702 9.9
-3.11854e-05 0.000247192 0.000432479 10
-6.99434e-05 0.000204131 0.000389404 10.1
-0.00010926 0.000160184 0.000344477 10.2
-0.000148905 0.000115385 0.000297708 10.3
-0.000188645 6.97679e-05 0.000249117 10.4
-0.000228246 2.33609e-05 0.000198733 10.5
-0.000267477 -2.38074e-05 0.000146597 10.6
-0.000306114 -7.17075e-05 9.27574e-05 10.7
-0.000343946 -0.000120306 3.72742e-05 10.8
-0.000380779 -0.000169564 -1.97838e-05 10.9
-0.000416434 -0.000219436 -7.83384e-05 11
-0.000450758 -0.000269865 -0.000138303 11.1
-0.00048362 -0.000320787 -0.000199582 11.2
-0.000514916 -0.000372124 -0.000262072 11.3
-0.000544571 -0.000423788 -0.000325661 11.4
-0.000572536 -0.000475677 -0.00039023 11.5
-0.00059879 -0.000527679 -0.000455652 11.6
-0.00062334 -0.000579671 -0.000521793 11.7
-0.00064622 -0.000631519 -0.000588512 11.8
-0.000667486 -0.000683084 -0.000655659 11.9
-0.000687216 -0.000734217 -0.000723079 12
-0.000705506 -0.000784768 -0.00079061 12.1
-0.000722468 -0.000834583 -0.00085808 12.2
-0.000738224 -0.000883511 -0.000925314 12.3
-0.000752905 -0.000931404 -0.000992129 12.4
-0.000766642 -0.000978117 -0.00105833 12.5
-0.000779568 -0.00102352 -0.00112374 12.6
-0.000791812 -0.00106748 -0.00118814 12.7
-0.000803492 -0.00110989 -0.00125133 12.8
-0.000814716 -0.00115065 -0.0013131 12.9
-0.000825578 -0.00118967 -0.00137325 13
-0.000836152 -0.00122689 -0.00143156 13.1
-0.000846495 -0.00126225 -0.00148783 13.2
-0.000856643 -0.0012957 -0.00154184 13.3
-0.00086661 -0.00132723 -0.00159338 13.4
-0.000876386 -0.00135681 -0.00164226 13.5
-0.000885942 -0.00138443 -0.00168829 13.6
-0.000895226 -0.00141012 -0.00173127 13.7
-0.000904167 -0.00143386 -0.00177105 13.8
-0.000912675 -0.00145568 -0.00180745 13.9
-0.000920644 -0.00147558 -0.00184033 14
-0.000927956 -0.00149359 -0.00186957 14.1
-0.000934481 -0.00150969 -0.00189504 14.2
-0.000940081 -0.0015239 -0.00191666 14.3
-0.000944614 -0.00153619 -0.00193435 14.4
-0.000947936 -0.00154656 -0.00194806 14.5
-0.000949903 -0.00155494 -0.00195776 14.6
-0.000950377 -0.00156131 -0.00196342 14.7
-0.000949225 -0.00156559 -0.00196506 14.8
-0.000946322 -0.0015677 -0.00196271 14.9
-0.000941556 -0.00156755 -0.00195641 15
-0.000934826 -0.00156502 -0.00194622 15.1
-0.000926045 -0.00156001 -0.00193222 15.2
-0.00091514 -0.00155237 -0.0019145 15.3
-0.000902053 -0.00154199 -0.00189315 15.4
-0.000886743 -0.00152872 -0.0018683 15.5
-0.000869181 -0.00151242 -0.00184004 15.6
-0.000849354 -0.00149297 -0.00180852 15.7
-0.000827263 -0.00147024 -0.00177383 15.8
-0.000802923 -0.00144411 -0.00173612 15.9
-0.000776357 -0.0014145 -0.00169548 16
-0.000747602 -0.00138131 -0.00165203 16.1
-0.000716702 -0.00134449 -0.00160588 16.2
-0.000683713 -0.00130401 -0.00155711 16.3
-0.000648693 -0.00125986 -0.00150582 16.4
-0.00061171 -0.00121206 -0.00145206 16.5
-0.000572835 -0.00116065 -0.00139591 16.6
-0.000532146 -0.00110572 -0.00133741 16.7
-0.000489723 -0.00104737 -0.00127658 16.8
-0.000445652 -0.00098574 -0.00121347 16.9
-0.00040002 -0.000920986 -0.00114808 17
-0.000352922 -0.000853294 -0.00108043 17.1
-0.000304454 -0.000782872 -0.0010105 17.2
-0.000254717 -0.000709943 -0.000938296 17.3
-0.000203821 -0.000634746 -0.000863812 17.4
-0.000151876 -0.000557533 -0.000787037 17.5
-9.90015e-05 -0.000478559 -0.00070797 17.6
-4.53237e-05 -0.000398086 -0.00062661 17.7
9.02523e-06 -0.000316371 -0.000542966 17.8
6.39058e-05 -0.000233671 -0.000457058 17.9
0.000119171 -0.00015023 -0.000368917 18
0.000174669 -6.62834e-05 -0.000278592 18.1
0.000230238 1.79476e-05 -0.000186145 18.2
0.000285714 0.000102259 -9.16587e-05 18.3
0.000340927 0.000186464 4.76455e-06 18.4
0.000395705 0.000270395 0.000103003 18.5
0.000449875 0.000353903 0.000202913 18.6
0.000503262 0.00043686 0.000304332 18.7
0.000555696 0.000519153 0.000407073 18.8
0.000607011 0.000600689 0.000510933 18.9
0.000657048 0.00068139 0.000615689 19
0.000705657 0.000761188 0.0007211 19.1
0.0007527 0.000840028 0.000826909 19.2
0.000798053 0.000917862 0.000932847 19.3
0.000841606 0.000994647 0.00103863 19.4
0.000883269 0.00107034 0.00114398 19.5
0.000922969 0.00114489 0.00124858 19.6
0.000960654 0.00121827 0.00135215 19.7
0.00099629 0.0012904 0.00145438 19.8
0.00102987 0.00136123 0.00155496 19.9
0.00106139 0.00143068 0.0016536 20
0.00109089 0.00149867 0.00175002 20.1
0.00111841 0.00156509 0.00184391 20.2
0.00114402 0.00162983 0.00193502 20.3
0.00116778 0.00169277 0.00202307 20.4
0.00118979 0.00175375 0.00210782 20.5
0.00121013 0.00181264 0.00218903 20.6
0.00122891 0.00186926 0.00226647 20.7
0.00124623 0.00192345 0.00233993 20.8
0.00126219 0.00197504 0.00240923 20.9
0.00127687 0.00202383 0.00247419 21
0.00129037 0.00206966 0.00253464 21.1
0.00130275 0.00211234 0.00259044 21.2
0.00131406 0.00215171 0.00264146 21.3
0.00132435 0.00218759 0.00268758 21.4
0.00133362 0.00221985 0.0027287 21.5
0.00134188 0.00224833 0.00276472 21.6
0.0013491 0.0022729 0.00279559 21.7
0.00135522 0.00229347 0.00282122 21.8
0.00136017 0.00230993 0.00284158 21.9
0.00136384 0.00232221 0.00285662 22
0.00136613 0.00233025 0.00286631 22.1
0.00136689 0.00233401 0.00287065 22.2
0.00136597 0.00233346 0.00286962 22.3
0.0013632 0.0023286 0.00286322 22.4
0.00135841 0.00231943 0.00285148 22.5
0.0013514 0.00230597 0.00283442 22.6
0.00134201 0.00228825 0.00281208 22.7001
0.00133004 0.00226631 0.00278449 22.8001
0.00131532 0.00224019 0.00275173 22.9001
0.00129769 0.00220993 0.00271385 23.0001
0.001277 0.00217559 0.00267093 23.1001
0.00125312 0.00213722 0.00262306 23.2001
0.00122595 0.00209487 0.00257033 23.3001
0.0011954 0.00204858 0.00251285 23.4001
0.00116142 0.0019984 0.00245072 23.5001
0.00112398 0.00194438 0.00238408 23.6001
0.0010831 0.00188656 0.00231303 23.7001
0.00103881 0.00182496 0.00223773 23.8001
0.000991191 0.00175963 0.0021583 23.9001
0.000940333 0.00169061 0.00207488 24.0001
0.000886371 0.00161792 0.00198762 24.1001
0.000829462 0.00154162 0.00189667 24.2001
0.00076979 0.00146175 0.00180217 24.3001
0.00070756 0.00137837 0.00170426 24.4001
0.000642995 0.00129153 0.0016031 24.5001
0.000576337 0.00120133 0.00149882 24.6001
0.000507835 0.00110786 0.00139158 24.7001
0.000437748 0.00101123 0.00128149 24.8001
0.000366341 0.00091156 0.00116871 24.9001
0.000293877 0.000809016 0.00105336 25.0001
0.000220616 0.000703766 0.000935561 25.1001
0.000146812 0.000596005 0.000815451 25.2001
7.27123e-05 0.000485948 0.000693149 25.3001
-1.45103e-06 0.000373833 0.000568777 25.4001
-7.54576e-05 0.000259917 0.000442458 25.5001
-0.000149103 0.000144475 0.000314317 25.6001
-0.000222198 2.77976e-05 0.000184479 25.7001
-0.000294573 -8.98104e-05 5.30778e-05 25.8001
-0.000366073 -0.000208035 -7.97501e-05 25.9001
-0.00043656 -0.000326554 -0.000213858 26.0001
-0.000505916 -0.000445045 -0.00034909 26.1001
-0.000574033 -0.000563181 -0.00048528 26.2001
-0.000640822 -0.000680645 -0.000622245 26.3001
-0.000706202 -0.000797125 -0.000759791 26.4001
-0.000770107 -0.000912319 -0.000897709 26.5001
-0.000832477 -0.00102594 -0.00103577 26.6001
-0.00089326 -0.00113773 -0.00117373 26.7001
-0.000952412 -0.00124743 -0.00131132 26.8001
-0.00100989 -0.00135481 -0.00144828 26.9001
-0.00106565 -0.00145968 -0.0015843 27.0001
-0.00111966 -0.00156185 -0.00171906 27.1001
-0.00117188 -0.00166117 -0.00185226 27.2001
-0.00122227 -0.0017575 -0.00198354 27.3001
-0.00127078 -0.00185074 -0.00211255 27.4001
-0.00131739 -0.0019408 -0.00223895 27.5001
-0.00136203 -0.0020276 -0.00236236 27.6001
-0.00140467 -0.0021111 -0.00248242 27.7001
-0.00144526 -0.00219124 -0.00259877 27.8001
-0.00148376 -0.00226799 -0.00271103 27.9001
-0.00152011 -0.00234133 -0.00281887 28.0001
-0.00155427 -0.00241123 -0.00292192 28.1001
-0.0015862 -0.00247767 -0.00301987 28.2001
-0.00161585 -0.00254061 -0.00311239 28.3001
-0.00164318 -0.00260002 -0.0031992 28.4001
-0.00166817 -0.00265586 -0.00328001 28.5001
-0.00169077 -0.00270805 -0.00335457 28.6001
-0.00171096 -0.00275654 -0.00342267 28.7001
-0.00172872 -0.00280124 -0.00348411 28.8001
-0.00174402 -0.00284203 -0.00353871 28.9001
-0.00175686 -0.00287881 -0.00358635 29.0001
-0.00176721 -0.00291145 -0.00362691 29.1001
-0.00177507 -0.00293979 -0.00366032 29.2001
-0.00178042 -0.0029637 -0.00368652 29.3001
-0.00178326 -0.002983 -0.00370549 29.4001
-0.00178357 -0.00299752 -0.00371723 29.5001
-0.00178133 -0.00300711 -0.00372178 29.6001
-0.00177654 -0.00301158 -0.00371918 29.7001
-0.00176917 -0.00301077 -0.0037095 29.8001
-0.00175918 -0.00300454 -0.00369284 29.9001
-0.00174654 -0.00299274 -0.00366929 30.0001
-0.00173122 -0.00297524 -0.00363898 30.1001
-0.00171316 -0.00295194 -0.00360203 30.2001
-0.00169231 -0.00292275 -0.00355858 30.3001
-0.0016686 -0.00288761 -0.00350877 30.4001
-0.00164196 -0.0028465 -0.00345275 30.5001
-0.00161234 -0.00279941 -0.00339067 30.6001
-0.00157965 -0.00274635 -0.00332268 30.7001
-0.00154382 -0.0026874 -0.00324893 30.8001
-0.00150478 -0.00262262 -0.00316956 30.9001
-0.00146246 -0.00255214 -0.00308473 31.0001
-0.00141681 -0.00247609 -0.00299457 31.1001
-0.00136777 -0.00239463 -0.00289922 31.2001
-0.00131531 -0.00230795 -0.00279884 31.3001
-0.00125942 -0.00221625 -0.00269354 31.4001
-0.00120009 -0.00211976 -0.00258348 31.5001
-0.00113734 -0.00201871 -0.00246878 31.6001
-0.00107122 -0.00191336 -0.00234958 31.7001
-0.0010018 -0.00180394 -0.00222602 31.8001
-0.000929175 -0.00169072 -0.00209824 31.9001
-0.000853475 -0.00157397 -0.00196639 32.0001
-0.000774853 -0.00145394 -0.00183062 32.1001
-0.000693491 -0.00133089 -0.00169109 32.2001
-0.000609599 -0.00120506 -0.00154795 32.3001
-0.000523415 -0.00107672 -0.00140139 32.4001
-0.000435197 -0.000946089 -0.00125159 32.5001
-0.000345228 -0.000813408 -0.00109873 32.6001
-0.000253808 -0.000678901 -0.000943022 32.7001
-0.000161254 -0.000542787 -0.000784677 32.8001
-6.78908e-05 -0.000405279 -0.000623916 32.9001
2.59461e-05 -0.000266587 -0.000460972 33.0001
0.000119921 -0.000126915 -0.000296087 33.1001
0.000213697 1.35295e-05 -0.000129514 33.2001
0.000306948 0.000154543 3.84859e-05 33.3001
0.000399353 0.000295917 0.000207643 33.4001
0.000490608 0.000437439 0.00037768 33.5001
0.000580428 0.000578893 0.000548311 33.6001
0.000668548 0.000720054 0.000719244 33.7001
0.000754728 0.000860688 0.000890182 33.8001
0.000838754 0.00100055 0.00106082 33.9001
0.000920442 0.0011394 0.00123085 34.0001
0.000999636 0.00127697 0.00139997 34.1001
0.00107621 0.001413 0.00156785 34.2001
0.00115007 0.0015472 0.00173418 34.3
0.00122114 0.0016793 0.00189864 34.4
0.00128938 0.001809 0.0020609 34.5
0.00135479 0.00193603 0.00222063 34.6
0.00141736 0.00206009 0.00237752 34.7
0.00147712 0.00218089 0.00253123 34.8
0.00153411 0.00229815 0.00268143 34.9
0.00158838 0.00241161 0.0028278 35
0.00163999 0.00252099 0.00297 35.1
0.00168902 0.00262605 0.00310771 35.2
0.00173552 0.00272655 0.0032406 35.3
0.00177955 0.00282229 0.00336835 35.4
0.00182118 0.00291305 0.00349063 35.5
0.00186045 0.00299867 0.00360713 35.6
0.00189739 0.00307898 0.00371755 35.7
0.00193203 0.00315387 0.00382158 35.8
0.00196436 0.00322321 0.00391893 35.9
0.00199437 0.00328692 0.00400932 36
0.00202204 0.00334493 0.00409248 36.1
0.0020473 0.00339718 0.00416817 36.2
0.00207011 0.00344364 0.00423614 36.3
0.00209037 0.00348429 0.00429619 36.4
0.00210799 0.00351912 0.00434812 36.5
0.00212286 0.00354813 0.00439175 36.6
0.00213486 0.00357132 0.00442695 36.7
0.00214386 0.0035887 0.00445359 36.8
0.00214975 0.00360028 0.00447158 36.9
0.00215237 0.00360606 0.00448086 37
0.0021516 0.00360606 0.00448138 37.1
0.00214732 0.00360027 0.00447316 37.2
0.00213939 0.00358867 0.00445621 37.3
0.00212772 0.00357126 0.00443058 37.4
0.0021122 0.00354801 0.00439635 37.5
0.00209275 0.00351888 0.00435365 37.6
0.00206929 0.00348384 0.0043026 37.7
0.00204177 0.00344284 0.00424336 37.8
0.00201016 0.00339583 0.00417611 37.9
0.00197444 0.00334278 0.00410107 38
0.0019346 0.00328362 0.00401844 38.1
0.00189067 0.00321832 0.00392847 38.2
0.00184268 0.00314685 0.00383139 38.3
0.00179069 0.00306918 0.00372747 38.4
0.00173476 0.00298532 0.00361698 38.5
0.00167497 0.00289526 0.00350016 38.6
0.00161143 0.00279905 0.0033773 38.7
0.00154424 0.00269675 0.00324866 38.8
0.00147352 0.00258845 0.0031145 38.9
0.00139941 0.00247426 0.00297509 39
0.00132203 0.00235433 0.00283067 39.1
0.00124155 0.00222884 0.00268149 39.2
0.00115811 0.00209801 0.00252778 39.3
0.00107188 0.00196209 0.00236978 39.4
0.000983013 0.00182133 0.00220771 39.5
0.000891689 0.00167607 0.00204178 39.6
0.000798084 0.00152661 0.00187219 39.7
0.000702381 0.00137333 0.00169915 39.8
0.00060477 0.00121661 0.00152285 39.9
0.000505445 0.00105683 0.0013435 40
0.000404609 0.000894403 0.00116128 40.1
0.000302471 0.000729753 0.0009764 40.2
0.000199248 0.0005633 0.000789055 40.3
9.51625e-05 0.000395468 0.000599456 40.4
-9.55311e-06 0.000226675 0.000407821 40.5
-0.00011466 5.73357e-05 0.000214379 40.6
-0.000219914 -0.00011215 1.93695e-05 40.7
-0.000325061 -0.000281395 -0.000176951 40.7999
-0.000429845 -0.000450028 -0.000374312 40.8999
-0.000534004 -0.000617699 -0.000572426 40.9999
-0.000637274 -0.000784077 -0.000770988 41.0999
-0.000739388 -0.000948853 -0.000969678 41.1999
-0.000840083 -0.00111174 -0.00116815 41.2999
-0.000939097 -0.00127247 -0.00136606 41.3999
-0.00103617 -0.0014308 -0.00156303 41.4999
-0.00113107 -0.0015865 -0.00175867 41.5999
-0.00122354 -0.00173936 -0.00195259 41.6999
-0.00131337 -0.0018892 -0.00214437 41.7999
-0.00140034 -0.00203583 -0.0023336 41.8999
-0.00148427 -0.00217907 -0.00251984 41.9999
-0.00156498 -0.00231878 -0.00270267 42.0999
-0.00164232 -0.00245478 -0.00288166 42.1999
-0.00171618 -0.00258692 -0.00305637 42.2999
-0.00178643 -0.00271504 -0.00322639 42.3999
-0.001853 -0.002839 -0.00339129 42.4999
-0.00191585 -0.00295861 -0.00355066 42.5999
-0.00197492 -0.00307371 -0.00370411 42.6999
-0.00203022 -0.00318412 -0.00385126 42.7999
-0.00208175 -0.00328967 -0.00399172 42.8999
-0.00212954 -0.00339015 -0.00412517 42.9999
-0.00217363 -0.00348538 -0.00425126 43.0999
-0.00221409 -0.00357514 -0.00436969 43.1999
-0.00225097 -0.00365924 -0.00448017 43.2999
-0.00228437 -0.00373746 -0.00458243 43.3999
-0.00231434 -0.0038096 -0.00467625 43.4999
-0.00234098 -0.00387545 -0.0047614 43.5999
-0.00236434 -0.00393482 -0.00483768 43.6999
-0.00238451 -0.0039875 -0.00490494 43.7999
-0.00240153 -0.00403333 -0.00496302 43.8999
-0.00241544 -0.00407214 -0.0050118 43.9999
-0.00242628 -0.00410378 -0.00505118 44.0999
-0.00243406 -0.00412811 -0.00508109 44.1999
-0.00243875 -0.00414503 -0.00510147 44.2999
-0.00244034 -0.00415446 -0.00511228 44.3999
-0.00243877 -0.00415632 -0.00511351 44.4999
-0.00243397 -0.00415057 -0.00510517 44.5999
-0.00242587 -0.00413721 -0.00508729 44.6999
-0.00241435 -0.00411623 -0.0050599 44.7999
-0.00239931 -0.00408767 -0.00502308 44.8999
-0.00238061 -0.00405159 -0.0049769 44.9999
-0.00235811 -0.00400804 -0.00492147 45.0999
-0.00233169 -0.00395713 -0.00485691 45.1999
-0.00230119 -0.00389897 -0.00478335 45.2999
-0.00226649 -0.00383367 -0.00470095 45.3999
-0.00222745 -0.00376137 -0.00460987 45.4999
-0.00218397 -0.00368223 -0.00451032 45.5999
-0.00213594 -0.00359638 -0.00440248 45.6999
-0.00208329 -0.00350399 -0.00428658 45.7999
-0.00202595 -0.00340522 -0.00416286 45.8999
-0.00196391 -0.00330023 -0.00403157 45.9999
-0.00189717 -0.0031892 -0.00389297 46.0999
-0.00182574 -0.00307229 -0.00374733 46.1999
-0.00174971 -0.00294966 -0.00359494 46.2999
-0.00166917 -0.00282149 -0.0034361 46.3999
-0.00158425 -0.00268794 -0.00327112 46.4999
-0.00149511 -0.0025492 -0.00310031 46.5999
-0.00140195 -0.00240542 -0.00292399 46.6999
-0.00130499 -0.0022568 -0.00274249 46.7999
-0.00120448 -0.00210352 -0.00255614 46.8999
-0.00110071 -0.00194578 -0.00236527 46.9999
-0.000993963 -0.00178379 -0.0021702 47.0999
-0.000884558 -0.00161776 -0.00197127 47.1999
-0.000772825 -0.00144795 -0.00176881 47.2999
-0.000659101 -0.00127459 -0.00156315 47.3998
-0.00054373 -0.00109797 -0.00135461 47.4998
-0.000427061 -0.00091837 -0.0011435 47.5998
-0.000309438 -0.000736117 -0.000930148 47.6998
-0.000191202 -0.00055154 -0.000714858 47.7998
-7.26846e-05 -0.000364997 -0.00049794 47.8998
4.57919e-05 -0.000176864 -0.000279696 47.9998
0.000163919 1.24633e-05 -6.04289e-05 48.0998
0.000281405 0.000202572 0.000159563 48.1998
0.000397971 0.000393036 0.00037998 48.2998
0.00051336 0.000583414 0.000600524 48.3998
0.00062733 0.000773259 0.000820892 48.4998
0.000739658 0.000962118 0.00104078 48.5998
0.00085014 0.00114953 0.00125987 48.6998
0.000958587 0.00133506 0.00147786 48.7998
0.00106483 0.00151824 0.00169442 48.8998
0.00116871 0.00169864 0.00190921 48.9998
0.00127008 0.00187585 0.00212189 49.0998
0.00136881 0.00204946 0.0023321 49.1998
0.00146479 0.00221908 0.00253948 49.2998
0.00155789 0.00238436 0.00274366 49.3998
0.00164801 0.00254496 0.00294423 49.4998
0.00173506 0.00270059 0.00314081 49.5998
0.00181893 0.00285096 0.00333299 49.6998
0.00189954 0.00299582 0.00352034 49.7998
0.0019768 0.00313496 0.00370244 49.8998
0.00205061 0.0032682 0.00387886 49.9998
0.0021209 0.00339536 0.00404917 50.0998
0.00218759 0.00351631 0.00421294 50.1998
0.00225058 0.00363094 0.00436974 50.2998
0.00230981 0.00373915 0.00451915 50.3998
0.0023652 0.00384087 0.00466075 50.4998
0.00241668 0.00393602 0.00479415 50.5998
0.00246418 0.00402456 0.00491897 50.6998
0.00250764 0.00410644 0.00503484 50.7998
0.00254701 0.00418161 0.00514143 50.8998
0.00258223 0.00425004 0.00523841 50.9998
0.00261327 0.00431166 0.00532551 51.0998
0.00264009 0.00436644 0.00540246 51.1998
0.00266267 0.00441432 0.00546906 51.2998
0.00268099 0.00445522 0.0055251 51.3998
0.00269504 0.00448908 0.00557045 51.4998
0.00270482 0.00451581 0.00560498 51.5998
0.00271033 0.00453533 0.00562862 51.6998
0.00271157 0.00454752 0.00564132 51.7998
0.00270857 0.0045523 0.00564308 51.8998
0.00270134 0.00454954 0.00563394 51.9998
0.0026899 0.00453915 0.00561395 52.0998
0.00267427 0.00452101 0.00558322 52.1998
0.00265447 0.00449502 0.00554186 52.2998
0.00263052 0.0044611 0.00549003 52.3998
0.00260243 0.00441916 0.00542792 52.4998
0.00257021 0.00436915 0.00535571 52.5998
0.00253388 0.00431101 0.00527365 52.6998
0.00249343 0.00424472 0.00518196 52.7998
0.00244886 0.0041703 0.0050809 52.8998
0.00240017 0.00408777 0.00497073 52.9998
0.00234734 0.00399719 0.00485174 53.0998
0.00229036 0.00389867 0.0047242 53.1998
0.00222922 0.00379231 0.00458841 53.2998
0.00216391 0.00367829 0.00444466 53.3998
0.00209441 0.00355679 0.00429325 53.4998
0.00202071 0.00342804 0.00413448 53.5998
0.00194283 0.00329227 0.00396865 53.6998
0.00186077 0.00314978 0.00379605 53.7998
0.00177457 0.00300087 0.003617 53.8997
0.00168425 0.00284585 0.00343179 53.9997
0.00158989 0.00268508 0.00324072 54.0997
0.00149157 0.00251892 0.0030441 54.1997
0.00138939 0.00234774 0.00284223 54.2997
0.00128348 0.00217193 0.00263543 54.3997
0.00117401 0.00199187 0.00242399 54.4997
0.00106117 0.00180795 0.00220823 54.5997
0.000945166 0.00162058 0.00198848 54.6997
0.000826247 0.00143013 0.00176505 54.7997
0.000704686 0.00123699 0.00153827 54.8997
0.000580782 0.00104155 0.00130849 54.9997
0.000454861 0.00084418 0.00107604 55.0997
0.000327269 0.000645236 0.00084128 55.1997
0.000198372 0.000445076 0.000604563 55.2997
6.85525e-05 0.000244047 0.000366256 55.3997
-6.17961e-05 4.24904e-05 0.000126732 55.4997
-0.000192272 -0.000159263 -0.00011363 55.5997
-0.000322469 -0.000360886 -0.000354444 55.6997
-0.000451982 -0.000562056 -0.000595316 55.7997
-0.000580415 -0.000762454 -0.000835852 55.8997
-0.000707377 -0.000961761 -0.00107565 55.9997
-0.000832494 -0.00115966 -0.0013143 56.0997
-0.000955411 -0.00135583 -0.0015514 56.1997
-0.00107579 -0.00154994 -0.00178654 56.2997
-0.00119334 -0.00174168 -0.00201931 56.3997
-0.00130775 -0.00193071 -0.0022493 56.4997
-0.0014188 -0.00211668 -0.0024761 56.5997
-0.00152625 -0.00229927 -0.0026993 56.6997
-0.00162992 -0.00247813 -0.00291849 56.7997
-0.00172966 -0.0026529 -0.00313328 56.8997
-0.00182534 -0.00282324 -0.00334325 56.9997
-0.00191687 -0.0029888 -0.00354802 57.0997
-0.00200419 -0.00314923 -0.0037472 57.1997
-0.00208725 -0.00330418 -0.00394039 57.2997
-0.00216604 -0.00345332 -0.00412722 57.3997
-0.00224057 -0.00359633 -0.0043073 57.4997
-0.00231085 -0.00373288 -0.00448027 57.5997
-0.00237693 -0.00386269 -0.00464576 57.6997
-0.00243884 -0.00398546 -0.00480342 57.7997
-0.00249664 -0.00410095 -0.00495289 57.8997
-0.00255037 -0.00420891 -0.00509384 57.9997
-0.00260008 -0.00430913 -0.00522594 58.0997
-0.00264583 -0.00440142 -0.00534886 58.1997
-0.00268763 -0.00448563 -0.00546231 58.2997
-0.00272552 -0.00456163 -0.00556599 58.3997
-0.00275952 -0.00462931 -0.00565963 58.4997
-0.00278961 -0.00468859 -0.00574296 58.5997
-0.0028158 -0.00473942 -0.00581574 58.6997
-0.00283804 -0.00478178 -0.00587776 58.7997
-0.0028563 -0.00481566 -0.00592881 58.8997
-0.00287052 -0.00484108 -0.00596873 58.9997
-0.00288064 -0.00485806 -0.00599738 59.0997
-0.00288658 -0.00486667 -0.00601463 59.1997
-0.00288824 -0.00486695 -0.0060204 59.2997
-0.00288555 -0.00485898 -0.00601463 59.3997
-0.00287841 -0.00484283 -0.00599731 59.4997
-0.00286671 -0.00481859 -0.00596845 59.5997
-0.00285038 -0.00478632 -0.00592808 59.6997
-0.00282932 -0.00474611 -0.0058763 59.7997
-0.00280346 -0.00469804 -0.00581322 59.8997
-0.00277272 -0.00464217 -0.00573898 59.9997
-0.00273706 -0.00457858 -0.00565378 60.0997
-0.00269642 -0.00450732 -0.00555783 60.1997
-0.00265079 -0.00442846 -0.00545137 60.2997
-0.00260016 -0.00434206 -0.00533469 60.3997
-0.00254454 -0.00424816 -0.00520808 60.4996
-0.00248396 -0.00414683 -0.00507188 60.5996
-0.00241847 -0.00403812 -0.00492642 60.6996
-0.00234814 -0.00392211 -0.00477209 60.7996
-0.00227306 -0.00379885 -0.00460926 60.8996
-0.00219333 -0.00366844 -0.00443833 60.9996
-0.00210907 -0.00353098 -0.0042597 61.0996
-0.00202043 -0.0033866 -0.00407379 61.1996
-0.00192755 -0.00323542 -0.00388101 61.2996
-0.0018306 -0.00307763 -0.00368178 61.3996
-0.00172976 -0.00291341 -0.00347651 61.4996
-0.00162522 -0.00274298 -0.00326562 61.5996
-0.00151716 -0.00256661 -0.0030495 61.6996
-0.0014058 -0.00238458 -0.00282856 61.7996
-0.00129135 -0.0021972 -0.00260318 61.8996
-0.00117403 -0.00200483 -0.00237374 61.9996
-0.00105406 -0.00180784 -0.00214063 62.0996
-0.000931667 -0.00160665 -0.00190418 62.1996
-0.000807095 -0.00140169 -0.00166477 62.2996
-0.000680581 -0.00119341 -0.00142273 62.3996
-0.000552372 -0.000982305 -0.00117841 62.4996
-0.000422718 -0.000768864 -0.000932125 62.5996
-0.000291879 -0.0005536 -0.000684215 62.6996
-0.000160117 -0.000337028 -0.000435004 62.7996
-2.77031e-05 -0.000119672 -0.000184818 62.8996
0.000105086 9.79485e-05 6.60143e-05 62.9996
0.000237967 0.000315316 0.000317161 63.0996
0.00037065 0.000531925 0.000568284 63.1996
0.000502839 0.000747279 0.000819038 63.2996
0.000634235 0.000960902 0.00106907 63.3996
0.000764531 0.00117234 0.00131801 63.4996
0.00089342 0.00138114 0.0015655 63.5996
0.00102059 0.00158691 0.00181113 63.6996
0.00114574 0.00178926 0.00205452 63.7996
0.00126855 0.00198782 0.00229525 63.8996
0.00138872 0.00218225 0.00253289 63.9996
0.00150595 0.00237225 0.00276703 64.0996
0.00161997 0.00255754 0.00299722 64.1996
0.0017305 0.00273784 0.003223 64.2996
0.00183726 0.00291291 0.00344393 64.3996
0.00194003 0.00308253 0.00365954 64.4996
0.00203858 0.0032465 0.00386938 64.5996
0.00213271 0.00340461 0.00407298 64.6996
0.00222223 0.00355668 0.0042699 64.7996
0.00230701 0.00370254 0.00445968 64.8996
0.0023869 0.00384201 0.00464188 64.9996
0.00246182 0.00397492 0.00481608 65.0996
0.00253168 0.00410112 0.00498187 65.1996
0.00259645 0.00422042 0.00513884 65.2996
0.00265609 0.00433266 0.00528663 65.3996
0.00271063 0.00443768 0.00542487 65.4996
0.00276007 0.00453529 0.00555324 65.5996
0.00280448 0.00462533 0.00567143 65.6996
0.00284391 0.00470762 0.00577915 65.7996
0.00287844 0.00478199 0.00587615 65.8996
0.00290815 0.00484826 0.00596221 65.9996
0.00293315 0.00490626 0.00603713 66.0996
0.00295354 0.00495584 0.00610074 66.1996
0.00296941 0.00499685 0.00615289 66.2996
0.00298086 0.00502914 0.00619349 66.3996
0.00298798 0.0050526 0.00622244 66.4996
0.00299085 0.0050671 0.00623969 66.5996
0.00298953 0.00507257 0.00624521 66.6996
0.00298407 0.00506893 0.00623901 66.7996
0.00297452 0.00505614 0.0062211 66.8996
0.00296089 0.00503419 0.00619155 66.9995
0.00294319 0.00500307 0.00615042 67.0995
0.00292138 0.00496284 0.00609782 67.1995
0.00289544 0.00491353 0.00603387 67.2995
0.00286532 0.00485526 0.00595872 67.3995
0.00283096 0.00478811 0.00587253 67.4995
0.00279227 0.00471224 0.0057755 67.5995
0.00274918 0.00462781 0.00566784 67.6995
0.0027016 0.00453499 0.00554978 67.7995
0.00264944 0.00443398 0.00542158 67.8995
0.00259262 0.00432501 0.0052835 67.9995
0.00253105 0.0042083 0.00513584 68.0995
0.00246467 0.0040841 0.00497891 68.1995
0.00239344 0.00395265 0.00481303 68.2995
0.00231731 0.00381422 0.00463855 68.3995
0.00223627 0.00366906 0.00445583 68.4995
0.00215035 0.00351745 0.00426525 68.5995
0.00205958 0.00335964 0.00406719 68.6995
0.00196404 0.00319591 0.00386206 68.7995
0.00186383 0.00302653 0.00365027 68.8995
0.0017591 0.00285176 0.00343225 68.9995
0.00165 0.00267188 0.00320843 69.0995
0.00153675 0.00248714 0.00297925 69.1995
0.00141958 0.00229783 0.00274515 69.2995
0.00129874 0.00210421 0.00250658 69.3995
0.00117454 0.00190656 0.00226399 69.4995
0.00104729 0.00170517 0.00201784 69.5995
0.000917314 0.00150033 0.00176856 69.6995
0.000784978 0.00129235 0.0015166 69.7995
0.000650648 0.00108154 0.00126241 69.8995
0.000514703 0.000868236 0.00100642 69.9995
0.000377528 0.000652782 0.000749043 70.0995
0.000239512 0.000435543 0.000490713 70.1995
0.00010104 0.000216899 0.000231836 70.2995
-3.75046e-05 -2.74985e-06 -2.71841e-05 70.3995
-0.000175749 -0.000222986 -0.000285955 70.4995
-0.000313332 -0.000443375 -0.000544091 70.5995
-0.000449904 -0.000663466 -0.000801214 70.6995
-0.000585132 -0.000882794 -0.00105695 70.7995
-0.000718702 -0.00110088 -0.00131095 70.8995
-0.000850318 -0.00131725 -0.00156284 70.9995
-0.000979702 -0.00153139 -0.00181226 71.0995
-0.0011066 -0.00174282 -0.00205887 71.1995
-0.00123077 -0.00195105 -0.00230232 71.2995
-0.001352 -0.00215558 -0.00254225 71.3995
-0.00147008 -0.00235594 -0.00277831 71.4995
-0.00158485 -0.00255166 -0.00301014 71.5995
-0.00169612 -0.00274229 -0.00323737 71.6995
-0.00180375 -0.00292741 -0.00345966 71.7995
-0.00190759 -0.00310661 -0.00367661 71.8995
-0.00200753 -0.00327951 -0.00388786 71.9995
-0.00210345 -0.00344577 -0.00409303 72.0995
-0.00219523 -0.00360508 -0.00429171 72.1995
-0.00228278 -0.00375716 -0.00448353 72.2995
-0.002366 -0.00390175 -0.00466808 72.3995
-0.00244481 -0.00403864 -0.00484496 72.4995
-0.00251912 -0.00416766 -0.00501377 72.5995
-0.00258884 -0.00428864 -0.00517412 72.6995
-0.00265392 -0.00440149 -0.00532561 72.7995
-0.00271427 -0.00450609 -0.00546785 72.8995
-0.00276983 -0.00460239 -0.00560048 72.9995
-0.00282054 -0.00469035 -0.00572312 73.0995
-0.00286636 -0.00476993 -0.00583543 73.1995
-0.00290723 -0.00484113 -0.00593708 73.2995
-0.00294312 -0.00490394 -0.00602777 73.3995
-0.00297399 -0.00495839 -0.00610721 73.4995
-0.00299983 -0.00500448 -0.00617517 73.5994
-0.00302062 -0.00504223 -0.00623142 73.6994
-0.00303635 -0.00507165 -0.00627578 73.7994
-0.00304704 -0.00509276 -0.00630809 73.8994
-0.00305271 -0.00510557 -0.00632825 73.9994
-0.00305337 -0.00511007 -0.00633618 74.0994
-0.00304906 -0.00510627 -0.00633185 74.1994
-0.00303983 -0.00509415 -0.00631527 74.2994
-0.00302573 -0.0050737 -0.00628647 74.3994
-0.00300681 -0.00504489 -0.00624554 74.4994
-0.00298313 -0.00500771 -0.00619261 74.5994
-0.00295477 -0.00496214 -0.00612783 74.6994
-0.00292177 -0.00490815 -0.00605139 74.7994
-0.00288422 -0.00484573 -0.00596353 74.8994
-0.00284218 -0.00477487 -0.00586448 74.9994
-0.00279571 -0.00469559 -0.00575454 75.0994
-0.00274488 -0.00460789 -0.00563402 75.1994
-0.00268973 -0.00451183 -0.00550323 75.2994
-0.00263032 -0.00440746 -0.00536253 75.3994
-0.0025667 -0.00429488 -0.00521229 75.4994
-0.00249891 -0.00417418 -0.00505287 75.5994
-0.00242698 -0.00404553 -0.00488467 75.6994
-0.00235096 -0.00390908 -0.00470808 75.7994
-0.00227086 -0.00376505 -0.0045235 75.8994
-0.00218672 -0.00361365 -0.00433135 75.9994
-0.00209858 -0.00345517 -0.00413202 76.0994
-0.00200646 -0.0032899 -0.00392592 76.1994
-0.00191042 -0.00311815 -0.00371347 76.2994
-0.00181049 -0.00294029 -0.00349507 76.3994
-0.00170673 -0.00275667 -0.00327113 76.4994
-0.00159924 -0.00256771 -0.00304204 76.5994
-0.00148808 -0.00237381 -0.00280822 76.6994
-0.00137339 -0.00217539 -0.00257006 76.7994
-0.00125528 -0.00197291 -0.00232795 76.8994
-0.00113392 -0.00176681 -0.0020823 76.9994
-0.00100949 -0.00155754 -0.0018335 77.0994
-0.000882198 -0.00134555 -0.00158195 77.1994
-0.000752278 -0.00113129 -0.00132803 77.2994
-0.000619994 -0.000915217 -0.00107216 77.3994
-0.000485637 -0.000697765 -0.000814717 77.4994
-0.000349523 -0.000479366 -0.000556113 77.5994
-0.000211992 -0.00026044 -0.000296746 77.6994
-7.34058e-05 -4.13975e-05 -3.70221e-05 77.7994
6.5855e-05 0.000177364 0.000222653 77.8994
0.000205394 0.000395459 0.00048187 77.9994
0.000344802 0.000612514 0.000740218 78.0994
0.000483663 0.000828163 0.000997283 78.1994
0.000621558 0.00104205 0.00125265 78.2994
0.000758067 0.00125384 0.00150591 78.3994
0.000892778 0.00146319 0.00175664 78.4994
0.00102529 0.00166976 0.00200443 78.5994
0.00115521 0.00187323 0.00224887 78.6994
0.00128217 0.00207327 0.00248955 78.7994
0.00140582 0.00226956 0.00272606 78.8994
0.00152585 0.00246177 0.002958 78.9994
0.00164197 0.00264959 0.00318497 79.0994
0.0017539 0.00283267 0.00340659 79.1994
0.00186142 0.0030107 0.00362246 79.2994
0.00196434 0.00318336 0.00383221 79.3994
0.00206251 0.0033503 0.00403546 79.4994
0.00215578 0.00351122 0.00423186 79.5994
0.00224407 0.00366579 0.00442105 79.6994
0.00232732 0.00381369 0.00460268 79.7994
0.0024055 0.00395461 0.00477642 79.8994
0.00247859 0.00408825 0.00494193 79.9994
0.00254661 0.00421434 0.00509891 80.0993
0.00260961 0.00433258 0.00524703 80.1993
0.00266762 0.00444274 0.00538601 80.2993
0.00272072 0.00454458 0.00551555 80.3993
0.00276898 0.00463789 0.00563538 80.4993
0.00281248 0.00472248 0.00574523 80.5993
0.0028513 0.0047982 0.00584485 80.6993
0.00288551 0.00486491 0.00593401 80.7993
0.00291519 0.00492252 0.00601247 80.8993
0.0029404 0.00497095 0.00608002 80.9993
0.00296119 0.00501016 0.00613649 81.0993
0.00297761 0.00504015 0.00618169 81.1993
0.00298969 0.00506093 0.00621547 81.2993
0.00299745 0.00507254 0.00623771 81.3993
0.00300089 0.00507505 0.00624829 81.4993
0.003 0.00506855 0.00624714 81.5993
0.00299476 0.00505315 0.00623421 81.6993
0.00298514 0.00502898 0.00620946 81.7993
0.00297111 0.00499617 0.00617291 81.8993
0.00295261 0.00495488 0.00612459 81.9993
0.00292961 0.00490526 0.00606458 82.0993
0.00290205 0.00484749 0.00599297 82.1993
0.00286989 0.00478171 0.00590991 82.2993
0.00283307 0.0047081 0.00581557 82.3993
0.00279157 0.00462681 0.00571015 82.4993
0.00274536 0.00453801 0.0055939 82.5993
0.00269441 0.00444184 0.0054671 82.6993
0.00263873 0.00433845 0.00533005 82.7993
0.00257832 0.00422798 0.00518308 82.8993
0.00251322 0.00411057 0.00502656 82.9993
0.00244347 0.00398635 0.00486089 83.0993
0.00236912 0.00385544 0.00468647 83.1993
0.00229027 0.00371799 0.00450375 83.2993
0.002207 0.00357411 0.00431317 83.3993
0.00211944 0.00342396 0.00411521 83.4993
0.00202771 0.00326768 0.00391034 83.5993
0.00193196 0.00310543 0.00369904 83.6993
0.00183235 0.00293739 0.00348182 83.7993
0.00172905 0.00276374 0.00325915 83.8993
0.00162226 0.0025847 0.00303153 83.9993
0.00151217 0.00240051 0.00279945 84.0993
0.00139898 0.00221143 0.00256338 84.1993
0.00128291 0.00201774 0.0023238 84.2993
0.00116418 0.00181978 0.00208117 84.3993
0.00104301 0.00161787 0.00183592 84.4993
0.000919644 0.0014124 0.0015885 84.5993
0.000794308 0.00120377 0.00133932 84.6993
0.000667245 0.000992406 0.0010888 84.7993
0.000538698 0.000778757 0.000837312 84.8993
0.000408914 0.000563296 0.000585245 84.9993
0.000278145 0.000346516 0.000332964 85.0993
0.000146645 0.00012892 8.08239e-05 85.1993
1.46734e-05 -8.89742e-05 -0.00017083 85.2993
-0.000117506 -0.000306646 -0.00042166 85.3993
-0.000249624 -0.000523573 -0.000671335 85.4993
-0.000381408 -0.000739233 -0.000919527 85.5993
-0.000512579 -0.000953113 -0.00116591 85.6993
-0.000642853 -0.00116471 -0.00141016 85.7993
-0.000771943 -0.00137354 -0.00165195 85.8993
-0.000899555 -0.00157913 -0.00189096 85.9993
-0.0010254 -0.00178105 -0.00212683 86.0993
-0.00114917 -0.00197886 -0.00235925 86.1993
-0.00127057 -0.00217217 -0.00258786 86.2993
-0.00138931 -0.00236062 -0.0028123 86.3993
-0.00150509 -0.00254386 -0.00303223 86.4993
-0.00161762 -0.0027216 -0.00324726 86.5993
-0.00172663 -0.00289356 -0.00345704 86.6992
-0.00183183 -0.00305947 -0.00366117 86.7992
-0.00193298 -0.00321912 -0.00385928 86.8992
-0.00202982 -0.00337231 -0.00405099 86.9992
-0.00212214 -0.00351886 -0.00423591 87.0992
-0.00220972 -0.0036586 -0.00441365 87.1992
-0.00229239 -0.00379141 -0.00458384 87.2992
-0.00236999 -0.00391715 -0.0047461 87.3992
-0.00244239 -0.0040357 -0.00490006 87.4992
-0.00250948 -0.00414696 -0.00504538 87.5992
-0.00257118 -0.00425082 -0.00518171 87.6992
-0.00262745 -0.0043472 -0.00530873 87.7992
-0.00267827 -0.00443599 -0.00542613 87.8992
-0.00272364 -0.0045171 -0.00553363 87.9992
-0.0027636 -0.00459045 -0.00563096 88.0992
-0.00279821 -0.00465592 -0.00571788 88.1992
-0.00282754 -0.00471344 -0.00579418 88.2992
-0.00285169 -0.00476291 -0.00585967 88.3992
-0.00287079 -0.00480423 -0.00591419 88.4992
-0.00288495 -0.00483731 -0.00595761 88.5992
-0.00289431 -0.00486207 -0.00598982 88.6992
-0.00289902 -0.00487843 -0.00601076 88.7992
-0.00289922 -0.00488632 -0.00602037 88.8992
-0.00289505 -0.00488568 -0.00601864 88.9992
-0.00288665 -0.00487646 -0.00600559 89.0992
-0.00287413 -0.00485863 -0.00598124 89.1992
-0.00285763 -0.00483219 -0.00594566 89.2992
-0.00283724 -0.00479713 -0.00589895 89.3992
-0.00281304 -0.0047535 -0.00584122 89.4992
-0.0027851 -0.00470134 -0.00577261 89.5992
-0.00275347 -0.00464072 -0.0056933 89.6992
-0.00271817 -0.00457177 -0.00560346 89.7992
-0.00267923 -0.00449459 -0.0055033 89.8992
-0.00263663 -0.00440935 -0.00539306 89.9992
-0.00259035 -0.00431622 -0.00527298 90.0992
-0.00254036 -0.0042154 -0.00514334 90.1992
-0.00248661 -0.00410711 -0.00500442 90.2992
-0.00242905 -0.0039916 -0.00485653 90.3992
-0.00236761 -0.0038691 -0.00469999 90.4992
-0.00230225 -0.00373991 -0.00453515 90.5992
-0.00223291 -0.00360429 -0.00436235 90.6992
-0.00215955 -0.00346254 -0.00418198 90.7992
-0.00208212 -0.00331496 -0.00399442 90.8992
-0.00200062 -0.00316185 -0.00380007 90.9992
-0.00191504 -0.00300351 -0.00359934 91.0992
-0.0018254 -0.00284024 -0.00339265 91.1992
-0.00173176 -0.00267236 -0.00318045 91.2992
-0.00163419 -0.00250015 -0.00296317 91.3992
-0.00153279 -0.00232392 -0.00274126 91.4992
-0.0014277 -0.00214395 -0.00251518 91.5992
-0.00131908 -0.00196054 -0.0022854 91.6992
-0.00120713 -0.00177397 -0.00205237 91.7992
-0.00109208 -0.00158451 -0.00181656 91.8992
-0.000974166 -0.00139245 -0.00157844 91.9992
-0.000853677 -0.00119808 -0.00133846 92.0992
-0.000730914 -0.00100167 -0.00109708 92.1992
-0.000606198 -0.000803505 -0.000854755 92.2992
-0.00047987 -0.000603888 -0.00061192 92.3992
-0.000352283 -0.000403114 -0.00036901 92.4992
-0.0002238 -0.000201495 -0.000126447 92.5992
-9.4791e-05 6.46731e-07 0.000115362 92.6992
3.4373e-05 0.000202977 0.000356018 92.7992
0.000163322 0.000405148 0.000595139 92.8992
0.000291691 0.000606797 0.000832355 92.9992
0.000419125 0.000807546 0.00106731 93.0992
0.000545278 0.001007 0.00129966 93.1992
0.000669822 0.00120477 0.00152908 93.2991
0.000792441 0.00140042 0.00175526 93.3991
0.000912841 0.00159354 0.00197788 93.4991
0.00103075 0.00178369 0.00219665 93.5991
0.0011459 0.00197043 0.00241129 93.6991
0.00125807 0.00215334 0.00262151 93.7991
0.00136704 0.00233197 0.00282705 93.8991
0.00147263 0.0025059 0.00302763 93.9991
0.00157464 0.0026747 0.00322299 94.0991
0.00167294 0.00283799 0.00341287 94.1991
0.00176739 0.00299537 0.00359699 94.2991
0.00185786 0.00314649 0.00377509 94.3991
0.00194425 0.003291 0.0039469 94.4991
0.00202646 0.0034286 0.00411215 94.5991
0.00210442 0.00355901 0.00427056 94.6991
0.00217804 0.00368199 0.00442185 94.7991
0.00224728 0.00379732 0.00456574 94.8991
0.00231207 0.00390484 0.00470194 94.9991
0.00237236 0.00400439 0.00483017 95.0991
0.00242811 0.00409588 0.00495013 95.1991
0.00247929 0.00417924 0.00506155 95.2991
0.00252586 0.00425441 0.00516415 95.3991
0.00256779 0.00432139 0.00525764 95.4991
0.00260506 0.0043802 0.00534177 95.5991
0.00263767 0.00443088 0.00541628 95.6991
0.00266559 0.00447347 0.00548094 95.7991
0.00268882 0.00450806 0.00553552 95.8991
0.00270738 0.00453473 0.00557982 95.9991
0.00272126 0.00455357 0.00561368 96.0991
0.0027305 0.00456469 0.00563692 96.1991
0.00273512 0.0045682 0.00564945 96.2991
0.00273517 0.00456418 0.00565116 96.3991
0.00273068 0.00455274 0.00564201 96.4991
0.00272171 0.00453398 0.00562195 96.5991
0.00270834 0.00450797 0.00559102 96.6991
0.00269063 0.0044748 0.00554926 96.7991
0.00266868 0.00443453 0.00549676 96.8991
0.00264255 0.00438722 0.00543363 96.9991
0.00261235 0.00433294 0.00536004 97.0991
0.00257818 0.00427171 0.00527618 97.1991
0.00254012 0.0042036 0.00518228 97.2991
0.00249829 0.00412865 0.00507859 97.3991
0.00245277 0.00404689 0.00496541 97.4991
0.00240367 0.00395837 0.00484304 97.5991
0.00235108 0.00386316 0.00471182 97.6991
0.00229507 0.00376131 0.00457212 97.7991
0.00223574 0.00365291 0.00442432 97.8991
0.00217316 0.00353806 0.00426881 97.9991
0.00210738 0.00341686 0.00410599 98.0991
0.00203848 0.00328947 0.00393628 98.1991
0.00196649 0.00315603 0.00376011 98.2991
0.00189147 0.00301675 0.00357789 98.3991
0.00181345 0.00287182 0.00339008 98.4991
0.00173247 0.0027215 0.00319708 98.5991
0.00164856 0.00256604 0.00299933 98.6991
0.00156176 0.00240575 0.00279725 98.7991
0.00147209 0.00224093 0.00259126 98.8991
0.0013796 0.00207193 0.00238177 98.9991
0.00128433 0.00189911 0.00216919 99.0991
0.00118635 0.00172285 0.00195391 99.1991
0.00108573 0.00154354 0.00173633 99.2991
0.000982547 0.00136158 0.00151682 99.3991
0.000876916 0.00117738 0.00129576 99.4991
0.000768964 0.000991369 0.00107352 99.5991
0.000658839 0.000803958 0.000850469 99.6991
0.000546716 0.000615565 0.000626955 99.799
0.000432795 0.000426601 0.000403332 99.899
0.0003173 0.00023747 0.000179946 99.999
