0 0 0 0
0 0 0 0.1
2.01372e-07 0 0 0.2
8.01128e-07 2.0138e-09 0 0.3
1.98768e-06 1.19989e-08 2.01394e-11 0.4
3.93679e-06 4.16215e-08 1.60074e-10 0.5
6.80789e-06 1.09782e-07 7.14647e-10 0.6
1.07407e-05 2.43835e-07 2.35995e-09 0.7
1.58524e-05 4.80442e-07 6.42012e-09 0.8
2.22354e-05 8.6603e-07 1.52207e-08 0.9
2.99556e-05 1.4568e-06 3.25296e-08 1
3.90514e-05 2.31832e-06 6.40817e-08 1.1
4.95329e-05 3.52463e-06 1.18177e-07 1.2
6.13829e-05 5.15694e-06 2.06337e-07 1.3
7.45571e-05 7.302e-06 3.44003e-07 1.4
8.89856e-05 1.005e-05 5.51249e-07 1.5
0.000104575 1.34924e-05 8.53483e-07 1.6
0.000121213 1.77191e-05 1.2821e-06 1.7
0.000138765 2.28164e-05 1.87509e-06 1.8
0.000157086 2.88637e-05 2.67748e-06 1.9
0.000176018 3.59312e-05 3.74173e-06 2
0.000195395 4.40777e-05 5.12786e-06 2.1
0.000215048 5.33477e-05 6.90346e-06 2.2
0.000234806 6.37701e-05 9.14347e-06 2.3
0.000254503 7.53564e-05 1.19297e-05 2.4
0.000273979 8.80998e-05 1.53502e-05 2.5
0.000293082 0.000101974 1.94981e-05 2.6
0.000311673 0.000116935 2.44706e-05 2.7
0.000329628 0.000132918 3.03677e-05 2.8
0.000346836 0.000149842 3.72902e-05 2.9
0.000363206 0.000167611 4.5338e-05 3
0.000378664 0.000186112 5.46083e-05 3.1
0.000393151 0.000205223 6.51934e-05 3.2
0.000406631 0.000224813 7.71786e-05 3.3
0.000419081 0.000244745 9.06398e-05 3.4
0.000430495 0.000264878 0.000105642 3.5
0.000440884 0.000285075 0.000122236 3.6
0.000450269 0.000305201 0.000140457 3.7
0.000458685 0.00032513 0.000160326 3.8
0.000466174 0.000344746 0.000181842 3.9
0.000472786 0.000363947 0.000204987 4
0.000478578 0.000382647 0.00022972 4.1
0.000483609 0.000400776 0.000255982 4.2
0.000487939 0.000418284 0.000283691 4.3
0.000491627 0.000435144 0.000312745 4.4
0.000494733 0.000451343 0.000343023 4.5
0.000497312 0.000466893 0.000374382 4.6
0.000499416 0.000481822 0.000406665 4.7
0.000501091 0.000496175 0.000439699 4.8
0.000502382 0.000510012 0.000473297 4.9
0.000503323 0.000523405 0.000507261 5
0.000503949 0.000536435 0.000541385 5.1
0.000504287 0.00054919 0.000575458 5.2
0.00050436 0.000561759 0.000609267 5.3
0.000504188 0.000574228 0.0006426 5.4
0.000503789 0.00058668 0.000675248 5.5
0.000503177 0.000599189 0.000707009 5.6
0.000502365 0.000611816 0.000737691 5.7
0.000501365 0.000624606 0.000767113 5.8
0.000500189 0.000637589 0.000795109 5.9
0.000498847 0.000650773 0.000821528 6
0.00049735 0.000664145 0.000846239 6.1
0.000495707 0.00067767 0.000869128 6.2
0.00049393 0.000691289 0.000890101 6.3
0.000492025 0.000704923 0.000909085 6.4
0.00049 0.000718469 0.000926027 6.5
0.000487857 0.000731806 0.000940893 6.6
0.000485597 0.000744793 0.000953667 6.7
0.000483214 0.000757278 0.000964352 6.8
0.000480698 0.000769092 0.000972965 6.9
0.000478029 0.00078006 0.000979539 7
0.000475182 0.000790003 0.000984119 7.1
0.00047212 0.000798739 0.000986756 7.2
0.000468797 0.000806088 0.000987514 7.3
0.000465156 0.000811878 0.000986457 7.4
0.000461131 0.000815947 0.000983654 7.5
0.000456643 0.000818145 0.000979173 7.6
0.000451603 0.000818337 0.000973083 7.7
0.000445914 0.00081641 0.000965445 7.79999
0.000439467 0.000812268 0.000956318 7.89999
0.00043215 0.000805839 0.00094575 7.99999
0.000423844 0.000797071 0.000933783 8.09999
0.000414426 0.000785939 0.000920449 8.2
0.000403774 0.000772437 0.00090577 8.3
0.000391768 0.000756582 0.000889759 8.4
0.000378293 0.00073841 0.000872416 8.5
0.000363243 0.000717978 0.000853734 8.6
0.000346523 0.000695356 0.000833695 8.7
0.000328049 0.00067063 0.000812273 8.8
0.000307759 0.000643894 0.000789435 8.9
0.000285606 0.000615254 0.000765142 9
0.000261568 0.000584816 0.000739352 9.1
0.000235644 0.000552691 0.000712016 9.2
0.00020786 0.00051899 0.000683089 9.3
0.000178266 0.000483819 0.000652521 9.4
0.000146939 0.000447281 0.000620267 9.5
0.000113982 0.000409469 0.000586285 9.6
7.95219e-05 0.000370471 0.000550535 9.7
4.3711e-05 0.000330366 0.000512986 9.8
6.72188e-06 0.00028922 0.000473611 9.9
-3.12537e-05 0.000247095 0.000432394 10
-7.00077e-05 0.00020404 0.000389326 10.1
-0.00010932 0.000160098 0.000344406 10.2
-0.000148961 0.000115305 0.000297644 10.3
-0.000188696 6.96945e-05 0.00024906 10.4
-0.000228293 2.32945e-05 0.000198685 10.5
-0.000267518 -2.38667e-05 0.000146557 10.6
-0.00030615 -7.17592e-05 9.27263e-05 10.7
-0.000343977 -0.00012035 3.72528e-05 10.8
-0.000380804 -0.0001696 -1.9795e-05 10.9
-0.000416453 -0.000219463 -7.83389e-05 11
-0.000450772 -0.000269883 -0.000138292 11.1
-0.000483628 -0.000320796 -0.000199559 11.2
-0.000514919 -0.000372124 -0.000262037 11.3
-0.000544568 -0.000423777 -0.000325613 11.4
-0.000572527 -0.000475656 -0.000390168 11.5
-0.000598776 -0.000527648 -0.000455577 11.6
-0.000623321 -0.000579629 -0.000521704 11.7
-0.000646195 -0.000631467 -0.000588407 11.8
-0.000667455 -0.00068302 -0.000655539 11.9
-0.00068718 -0.000734142 -0.000722944 12
-0.000705465 -0.000784682 -0.000790458 12.1
-0.000722422 -0.000834486 -0.000857912 12.2
-0.000738172 -0.000883402 -0.00092513 12.3
-0.000752847 -0.000931282 -0.000991927 12.4
-0.000766579 -0.000977984 -0.00105812 12.5
-0.0007795 -0.00102337 -0.0011235 12.6
-0.000791738 -0.00106732 -0.00118788 12.7
-0.000803413 -0.00110972 -0.00125106 12.8
-0.000814631 -0.00115047 -0.00131281 12.9
-0.000825486 -0.00118948 -0.00137295 13
-0.000836055 -0.00122668 -0.00143124 13.1
-0.000846392 -0.00126203 -0.00148749 13.2
-0.000856534 -0.00129547 -0.00154148 13.3
-0.000866494 -0.00132698 -0.00159301 13.4
-0.000876264 -0.00135655 -0.00164188 13.5
-0.000885814 -0.00138416 -0.00168789 13.6
-0.000895091 -0.00140983 -0.00173086 13.7
-0.000904025 -0.00143357 -0.00177062 13.8
-0.000912526 -0.00145537 -0.00180701 13.9
-0.000920488 -0.00147526 -0.00183988 14
-0.000927794 -0.00149326 -0.0018691 14.1
-0.000934311 -0.00150935 -0.00189456 14.2
-0.000939905 -0.00152355 -0.00191617 14.3
-0.000944431 -0.00153583 -0.00193385 14.4
-0.000947746 -0.00154618 -0.00194756 14.5
-0.000949706 -0.00155456 -0.00195724 14.6
-0.000950173 -0.00156092 -0.0019629 14.7
-0.000949015 -0.00156519 -0.00196454 14.8
-0.000946106 -0.00156729 -0.00196219 14.9
-0.000941334 -0.00156713 -0.00195588 15
-0.000934598 -0.0015646 -0.00194569 15.1
-0.000925812 -0.00155958 -0.00193169 15.2
-0.000914902 -0.00155194 -0.00191397 15.3
-0.000901811 -0.00154156 -0.00189262 15.4
-0.000886496 -0.00152828 -0.00186777 15.5
-0.000868931 -0.00151198 -0.00183952 15.6
-0.000849101 -0.00149253 -0.001808 15.7
-0.000827009 -0.0014698 -0.00177332 15.8
-0.000802666 -0.00144368 -0.00173561 15.9
-0.0007761 -0.00141406 -0.00169499 16
-0.000747345 -0.00138088 -0.00165155 16.1
-0.000716446 -0.00134407 -0.00160541 16.2
-0.000683458 -0.00130359 -0.00155665 16.3
-0.000648441 -0.00125945 -0.00150537 16.4
-0.000611461 -0.00121165 -0.00145163 16.5
-0.00057259 -0.00116026 -0.00139549 16.6
-0.000531906 -0.00110534 -0.001337 16.7
-0.000489489 -0.001047 -0.0012762 16.8
-0.000445425 -0.000985383 -0.00121311 16.9
-0.000399801 -0.000920644 -0.00114774 17
-0.000352711 -0.000852968 -0.0010801 17.1
-0.000304253 -0.000782563 -0.00101019 17.2
-0.000254527 -0.000709651 -0.000938011 17.3
-0.000203641 -0.000634474 -0.000863549 17.4
-0.000151708 -0.00055728 -0.000786799 17.5
-9.88464e-05 -0.000478328 -0.000707755 17.6
-4.51819e-05 -0.000397876 -0.000626421 17.7
9.15305e-06 -0.000316185 -0.000542803 17.8
6.40191e-05 -0.000233507 -0.000456922 17.9
0.00011927 -0.000150091 -0.00036881 18
0.000174751 -6.61692e-05 -0.000278513 18.1
0.000230305 1.80363e-05 -0.000186096 18.2
0.000285764 0.000102322 -9.16413e-05 18.3
0.000340961 0.0001865 4.75035e-06 18.4
0.000395723 0.000270404 0.000102956 18.5
0.000449875 0.000353884 0.000202833 18.6
0.000503246 0.000436813 0.000304217 18.7
0.000555663 0.000519078 0.000406924 18.8
0.000606961 0.000600586 0.000510749 18.9
0.000656981 0.000681257 0.000615468 19
0.000705573 0.000761027 0.000720842 19.1
0.0007526 0.000839838 0.000826614 19.2
0.000797936 0.000917643 0.000932514 19.3
0.000841473 0.000994398 0.00103826 19.4
0.00088312 0.00107006 0.00114357 19.5
0.000922805 0.00114459 0.00124813 19.6
0.000960474 0.00121793 0.00135166 19.7
0.000996096 0.00129003 0.00145385 19.8
0.00102966 0.00136084 0.00155439 19.9
0.00106117 0.00143026 0.001653 20
0.00109065 0.00149822 0.00174937 20.1
0.00111816 0.00156461 0.00184323 20.2
0.00114375 0.00162933 0.0019343 20.3
0.0011675 0.00169223 0.00202232 20.4
0.0011895 0.00175319 0.00210703 20.5
0.00120983 0.00181205 0.0021882 20.6
0.0012286 0.00186865 0.00226561 20.7
0.00124591 0.00192281 0.00233904 20.8
0.00126185 0.00197437 0.00240831 20.9
0.00127652 0.00202314 0.00247324 21
0.00129001 0.00206894 0.00253366 21.1
0.00130237 0.0021116 0.00258943 21.2
0.00131367 0.00215095 0.00264043 21.3
0.00132395 0.00218681 0.00268652 21.4
0.00133321 0.00221905 0.00272762 21.5
0.00134146 0.00224751 0.00276363 21.6
0.00134867 0.00227207 0.00279447 21.7
0.00135478 0.00229262 0.00282009 21.8
0.00135972 0.00230907 0.00284044 21.9
0.00136338 0.00232133 0.00285547 22
0.00136566 0.00232936 0.00286516 22.1
0.00136641 0.00233311 0.00286948 22.2
0.00136548 0.00233255 0.00286845 22.3
0.00136271 0.00232768 0.00286205 22.4
0.00135791 0.00231851 0.00285032 22.5
0.0013509 0.00230505 0.00283326 22.6
0.0013415 0.00228733 0.00281092 22.7001
0.00132953 0.00226538 0.00278335 22.8001
0.00131481 0.00223926 0.00275059 22.9001
0.00129717 0.00220901 0.00271273 23.0001
0.00127648 0.00217468 0.00266983 23.1001
0.0012526 0.00213631 0.00262197 23.2001
0.00122543 0.00209397 0.00256927 23.3001
0.00119488 0.00204769 0.00251181 23.4001
0.00116091 0.00199753 0.00244971 23.5001
0.00112348 0.00194353 0.00238309 23.6001
0.0010826 0.00188572 0.00231208 23.7001
0.00103833 0.00182414 0.00223681 23.8001
0.000990714 0.00175884 0.00215741 23.9001
0.000939868 0.00168984 0.00207403 24.0001
0.00088592 0.00161718 0.00198681 24.1001
0.000829026 0.00154091 0.0018959 24.2001
0.000769371 0.00146107 0.00180143 24.3001
0.000707159 0.00137772 0.00170357 24.4001
0.000642614 0.00129092 0.00160246 24.5001
0.000575976 0.00120076 0.00149823 24.6001
0.000507497 0.00110733 0.00139103 24.7001
0.000437434 0.00101073 0.001281 24.8001
0.000366052 0.00091111 0.00116827 24.9001
0.000293613 0.00080861 0.00105297 25.0001
0.000220379 0.000703406 0.000935226 25.1001
0.000146604 0.000595692 0.000815172 25.2001
7.25331e-05 0.000485684 0.000692928 25.3001
-1.60049e-06 0.000373619 0.000568615 25.4001
-7.55766e-05 0.000259753 0.000442356 25.5001
-0.000149191 0.000144363 0.000314276 25.6001
-0.000222255 2.77387e-05 0.000184501 25.7001
-0.000294597 -8.98157e-05 5.3163e-05 25.8001
-0.000366065 -0.000207986 -7.96005e-05 25.9001
-0.00043652 -0.000326451 -0.000213643 26.0001
-0.000505843 -0.000444885 -0.00034881 26.1001
-0.000573928 -0.000562967 -0.000484932 26.2001
-0.000640684 -0.000680375 -0.00062183 26.3001
-0.000706033 -0.000796799 -0.000759309 26.4001
-0.000769905 -0.000911937 -0.000897157 26.5001
-0.000832243 -0.00102551 -0.00103515 26.6001
-0.000892996 -0.00113723 -0.00117304 26.7001
-0.000952117 -0.00124688 -0.00131057 26.8001
-0.00100956 -0.00135421 -0.00144745 26.9001
-0.0010653 -0.00145902 -0.0015834 27.0001
-0.00111928 -0.00156114 -0.0017181 27.1001
-0.00117147 -0.00166041 -0.00185123 27.2001
-0.00122183 -0.00175669 -0.00198244 27.3001
-0.00127032 -0.00184988 -0.00211139 27.4001
-0.00131689 -0.00193989 -0.00223772 27.5001
-0.00136151 -0.00202664 -0.00236107 27.6001
-0.00140413 -0.00211009 -0.00248107 27.7001
-0.0014447 -0.00219018 -0.00259735 27.8001
-0.00148317 -0.00226689 -0.00270956 27.9001
-0.0015195 -0.00234019 -0.00281734 28.0001
-0.00155364 -0.00241005 -0.00292034 28.1001
-0.00158555 -0.00247645 -0.00301823 28.2001
-0.00161518 -0.00253935 -0.00311071 28.3001
-0.0016425 -0.00259872 -0.00319746 28.4001
-0.00166746 -0.00265452 -0.00327823 28.5001
-0.00169005 -0.00270669 -0.00335275 28.6001
-0.00171022 -0.00275514 -0.00342081 28.7001
-0.00172796 -0.00279981 -0.00348222 28.8001
-0.00174325 -0.00284058 -0.00353679 28.9001
-0.00175608 -0.00287733 -0.0035844 29.0001
-0.00176641 -0.00290995 -0.00362494 29.1001
-0.00177426 -0.00293827 -0.00365832 29.2001
-0.0017796 -0.00296216 -0.00368451 29.3001
-0.00178243 -0.00298144 -0.00370347 29.4001
-0.00178273 -0.00299596 -0.0037152 29.5001
-0.00178049 -0.00300553 -0.00371975 29.6001
-0.00177569 -0.00300999 -0.00371715 29.7001
-0.00176831 -0.00300919 -0.00370748 29.8001
-0.00175832 -0.00300295 -0.00369082 29.9001
-0.00174568 -0.00299115 -0.00366729 30.0001
-0.00173036 -0.00297366 -0.003637 30.1001
-0.0017123 -0.00295037 -0.00360007 30.2001
-0.00169144 -0.00292119 -0.00355665 30.3001
-0.00166774 -0.00288607 -0.00350687 30.4001
-0.00164111 -0.00284497 -0.00345089 30.5001
-0.00161149 -0.0027979 -0.00338885 30.6001
-0.00157881 -0.00274487 -0.0033209 30.7001
-0.00154299 -0.00268595 -0.00324719 30.8001
-0.00150396 -0.0026212 -0.00316788 30.9001
-0.00146166 -0.00255076 -0.0030831 31.0001
-0.00141602 -0.00247474 -0.00299299 31.1001
-0.001367 -0.00239332 -0.00289771 31.2001
-0.00131457 -0.00230669 -0.00279739 31.3001
-0.0012587 -0.00221504 -0.00269216 31.4001
-0.00119939 -0.0021186 -0.00258217 31.5001
-0.00113667 -0.00201761 -0.00246754 31.6001
-0.00107058 -0.00191231 -0.00234842 31.7001
-0.00100119 -0.00180295 -0.00222494 31.8001
-0.000928601 -0.0016898 -0.00209725 31.9001
-0.000852937 -0.00157311 -0.00196548 32.0001
-0.000774353 -0.00145315 -0.0018298 32.1001
-0.000693032 -0.00133017 -0.00169035 32.2001
-0.000609183 -0.00120442 -0.0015473 32.3001
-0.000523042 -0.00107615 -0.00140084 32.4001
-0.000434869 -0.000945597 -0.00125113 32.5001
-0.000344947 -0.000812995 -0.00109837 32.6001
-0.000253576 -0.00067857 -0.000942756 32.7001
-0.000161071 -0.000542539 -0.000784511 32.8001
-6.77587e-05 -0.000405115 -0.000623851 32.9001
2.6027e-05 -0.000266508 -0.000461009 33.0001
0.000119949 -0.000126924 -0.000296228 33.1001
0.000213674 1.34335e-05 -0.000129759 33.2001
0.000306872 0.000154359 3.8136e-05 33.3001
0.000399224 0.000295644 0.000207187 33.4001
0.000490426 0.000437077 0.000377117 33.5001
0.000580194 0.000578442 0.000547641 33.6001
0.000668262 0.000719513 0.000718467 33.7001
0.00075439 0.000860059 0.000889297 33.8001
0.000838365 0.000999837 0.00105983 33.9001
0.000920003 0.0011386 0.00122976 34.0001
0.000999147 0.00127608 0.00139876 34.1001
0.00107567 0.00141202 0.00156654 34.2001
0.00114948 0.00154614 0.00173276 34.3
0.00122051 0.00167815 0.00189712 34.4
0.00128871 0.00180778 0.00205927 34.5
0.00135407 0.00193472 0.00221891 34.6
0.0014166 0.0020587 0.0023757 34.7
0.00147632 0.00217943 0.00252931 34.8
0.00153327 0.00229662 0.00267942 34.9
0.0015875 0.00241 0.00282569 35
0.00163908 0.00251931 0.0029678 35.1
0.00168807 0.0026243 0.00310543 35.2
0.00173454 0.00272474 0.00323823 35.3
0.00177854 0.00282041 0.0033659 35.4
0.00182014 0.00291111 0.0034881 35.5
0.00185938 0.00299668 0.00360453 35.6
0.0018963 0.00307694 0.00371488 35.7
0.00193091 0.00315178 0.00381885 35.8
0.00196321 0.00322108 0.00391614 35.9
0.0019932 0.00328474 0.00400647 36
0.00202085 0.00334271 0.00408959 36.1
0.0020461 0.00339493 0.00416523 36.2
0.00206889 0.00344136 0.00423316 36.3
0.00208913 0.00348198 0.00429318 36.4
0.00210674 0.00351678 0.00434508 36.5
0.0021216 0.00354577 0.00438869 36.6
0.00213359 0.00356894 0.00442388 36.7
0.00214258 0.00358631 0.00445051 36.8
0.00214846 0.00359788 0.0044685 36.9
0.00215107 0.00360367 0.00447778 37
0.0021503 0.00360366 0.00447832 37.1
0.00214602 0.00359788 0.00447011 37.2
0.0021381 0.00358629 0.00445318 37.3
0.00212643 0.00356889 0.00442758 37.4
0.00211091 0.00354566 0.0043934 37.5
0.00209147 0.00351655 0.00435073 37.6
0.00206802 0.00348154 0.00429973 37.7
0.00204052 0.00344057 0.00424054 37.8
0.00200892 0.0033936 0.00417336 37.9
0.00197321 0.00334059 0.00409838 38
0.0019334 0.00328148 0.00401583 38.1
0.00188949 0.00321623 0.00392593 38.2
0.00184152 0.00314481 0.00382894 38.3
0.00178956 0.00306721 0.00372512 38.4
0.00173365 0.0029834 0.00361471 38.5
0.0016739 0.00289342 0.003498 38.6
0.00161039 0.00279728 0.00337524 38.7
0.00154324 0.00269506 0.00324671 38.8
0.00147257 0.00258684 0.00311266 38.9
0.0013985 0.00247274 0.00297337 39
0.00132117 0.0023529 0.00282907 39.1
0.00124074 0.00222751 0.00268001 39.2
0.00115736 0.00209678 0.00252643 39.3
0.00107118 0.00196095 0.00236856 39.4
0.000982369 0.0018203 0.00220663 39.5
0.000891106 0.00167514 0.00204083 39.6
0.000797563 0.0015258 0.00187138 39.7
0.000701925 0.00137264 0.00169848 39.8
0.00060438 0.00121603 0.00152233 39.9
0.000505124 0.00105637 0.00134312 40
0.000404358 0.000894067 0.00116105 40.1
0.000302292 0.000729541 0.000976319 40.2
0.000199141 0.000563213 0.000789124 40.3
9.51302e-05 0.000395507 0.000599677 40.4
-9.51059e-06 0.000226843 0.000408194 40.5
-0.000114542 5.76312e-05 0.000214904 40.6
-0.00021972 -0.000111726 2.00486e-05 40.7
-0.000324792 -0.000280842 -0.000176118 40.7999
-0.0004295 -0.000449347 -0.000373325 40.8999
-0.000533583 -0.000616889 -0.000571286 40.9999
-0.000636777 -0.000783139 -0.000769696 41.0999
-0.000738817 -0.000947788 -0.000968233 41.1999
-0.000839439 -0.00111055 -0.00116656 41.2999
-0.000938381 -0.00127115 -0.00136432 41.3999
-0.00103539 -0.00142936 -0.00156114 41.4999
-0.00113021 -0.00158494 -0.00175663 41.5999
-0.00122262 -0.00173769 -0.0019504 41.6999
-0.00131238 -0.00188741 -0.00214204 41.7999
-0.00139929 -0.00203392 -0.00233113 41.8999
-0.00148315 -0.00217706 -0.00251723 41.9999
-0.00156381 -0.00231666 -0.00269993 42.0999
-0.0016411 -0.00245255 -0.00287879 42.1999
-0.00171489 -0.00258459 -0.00305337 42.2999
-0.0017851 -0.00271262 -0.00322327 42.3999
-0.00185162 -0.00283648 -0.00338805 42.4999
-0.00191442 -0.00295601 -0.00354731 42.5999
-0.00197345 -0.00307102 -0.00370065 42.6999
-0.0020287 -0.00318136 -0.00384769 42.7999
-0.0020802 -0.00328683 -0.00398806 42.8999
-0.00212795 -0.00338724 -0.00412141 42.9999
-0.00217201 -0.0034824 -0.00424742 43.0999
-0.00221244 -0.00357211 -0.00436577 43.1999
-0.0022493 -0.00365615 -0.00447617 43.2999
-0.00228267 -0.00373432 -0.00457838 43.3999
-0.00231262 -0.00380641 -0.00467214 43.4999
-0.00233924 -0.00387223 -0.00475724 43.5999
-0.00236259 -0.00393156 -0.00483348 43.6999
-0.00238274 -0.00398421 -0.0049007 43.7999
-0.00239975 -0.00403002 -0.00495876 43.8999
-0.00241365 -0.00406881 -0.00500752 43.9999
-0.00242449 -0.00410044 -0.0050469 44.0999
-0.00243226 -0.00412477 -0.0050768 44.1999
-0.00243695 -0.00414169 -0.00509719 44.2999
-0.00243854 -0.00415112 -0.00510802 44.3999
-0.00243697 -0.00415299 -0.00510928 44.4999
-0.00243218 -0.00414727 -0.00510097 44.5999
-0.00242409 -0.00413393 -0.00508313 44.6999
-0.00241259 -0.00411299 -0.0050558 44.7999
-0.00239756 -0.00408447 -0.00501904 44.8999
-0.00237887 -0.00404842 -0.00497293 44.9999
-0.0023564 -0.00400493 -0.00491758 45.0999
-0.00233 -0.00395408 -0.00485311 45.1999
-0.00229953 -0.00389598 -0.00477964 45.2999
-0.00226486 -0.00383075 -0.00469734 45.3999
-0.00222586 -0.00375853 -0.00460638 45.4999
-0.00218241 -0.00367946 -0.00450694 45.5999
-0.00213442 -0.0035937 -0.00439923 45.6999
-0.00208181 -0.0035014 -0.00428347 45.7999
-0.00202453 -0.00340273 -0.00415989 45.8999
-0.00196254 -0.00329785 -0.00402874 45.9999
-0.00189585 -0.00318693 -0.00389029 46.0999
-0.00182448 -0.00307013 -0.0037448 46.1999
-0.00174851 -0.00294762 -0.00359258 46.2999
-0.00166804 -0.00281958 -0.00343391 46.3999
-0.00158318 -0.00268616 -0.0032691 46.4999
-0.00149412 -0.00254755 -0.00309847 46.5999
-0.00140103 -0.00240392 -0.00292234 46.6999
-0.00130415 -0.00225544 -0.00274103 46.7999
-0.00120373 -0.00210231 -0.00255486 46.8999
-0.00110004 -0.00194472 -0.00236418 46.9999
-0.000993377 -0.00178288 -0.00216931 47.0999
-0.000884062 -0.00161702 -0.00197058 47.1999
-0.00077242 -0.00144736 -0.00176833 47.2999
-0.00065879 -0.00127417 -0.00156287 47.3998
-0.000543515 -0.00109771 -0.00135453 47.4998
-0.000426943 -0.000918287 -0.00114363 47.5998
-0.000309419 -0.000736204 -0.000930479 47.6998
-0.000191282 -0.000551799 -0.000715396 47.7998
-7.28648e-05 -0.000365429 -0.000498685 47.8998
4.5511e-05 -0.000177469 -0.000280649 47.9998
0.000163538 1.16848e-05 -6.1589e-05 48.0998
0.000280922 0.000201621 0.000158196 48.1998
0.000397388 0.000391912 0.000378408 48.2998
0.000512677 0.000582119 0.000598748 48.3998
0.000626548 0.000771794 0.000818913 48.4998
0.000738779 0.000960484 0.0010386 48.5998
0.000849165 0.00114773 0.0012575 48.6998
0.000957518 0.00133309 0.00147529 48.7998
0.00106367 0.00151611 0.00169165 48.8998
0.00116745 0.00169636 0.00190625 48.9998
0.00126874 0.00187341 0.00211874 49.0998
0.00136739 0.00204687 0.00232878 49.1998
0.00146328 0.00221635 0.00253598 49.2998
0.0015563 0.00238149 0.00273998 49.3998
0.00164635 0.00254196 0.00294039 49.4998
0.00173332 0.00269745 0.00313681 49.5998
0.00181713 0.00284769 0.00332883 49.6998
0.00189767 0.00299244 0.00351602 49.7998
0.00197487 0.00313147 0.00369798 49.8998
0.00204862 0.0032646 0.00387426 49.9998
0.00211886 0.00339166 0.00404444 50.0998
0.00218549 0.00351251 0.00420809 50.1998
0.00224844 0.00362705 0.00436478 50.2998
0.00230763 0.00373518 0.00451408 50.3998
0.00236298 0.00383682 0.00465558 50.4998
0.00241443 0.00393191 0.0047889 50.5998
0.0024619 0.00402039 0.00491363 50.6998
0.00250533 0.00410222 0.00502943 50.7998
0.00254468 0.00417734 0.00513596 50.8998
0.00257988 0.00424573 0.00523289 50.9998
0.00261091 0.00430732 0.00531995 51.0998
0.00263772 0.00436208 0.00539688 51.1998
0.0026603 0.00440994 0.00546345 51.2998
0.00267862 0.00445084 0.00551949 51.3998
0.00269267 0.0044847 0.00556484 51.4998
0.00270245 0.00451144 0.00559938 51.5998
0.00270796 0.00453097 0.00562305 51.6998
0.00270922 0.00454319 0.00563579 51.7998
0.00270624 0.00454799 0.0056376 51.8998
0.00269903 0.00454528 0.00562852 51.9998
0.00268761 0.00453493 0.0056086 52.0998
0.00267201 0.00451684 0.00557795 52.1998
0.00265224 0.00449092 0.00553669 52.2998
0.00262832 0.00445707 0.00548497 52.3998
0.00260027 0.00441522 0.00542297 52.4998
0.0025681 0.00436529 0.00535089 52.5998
0.00253181 0.00430724 0.00526897 52.6998
0.00249141 0.00424106 0.00517742 52.7998
0.00244689 0.00416675 0.00507652 52.8998
0.00239825 0.00408434 0.00496652 52.9998
0.00234549 0.00399389 0.0048477 53.0998
0.00228857 0.00389549 0.00472035 53.1998
0.0022275 0.00378928 0.00458475 53.2998
0.00216226 0.00367541 0.0044412 53.3998
0.00209284 0.00355406 0.00429 53.4998
0.00201922 0.00342546 0.00413145 53.5998
0.00194143 0.00328987 0.00396584 53.6998
0.00185946 0.00314755 0.00379347 53.7998
0.00177334 0.00299881 0.00361465 53.8997
0.00168312 0.00284398 0.00342968 53.9997
0.00158886 0.00268339 0.00323886 54.0997
0.00149064 0.00251743 0.00304249 54.1997
0.00138856 0.00234644 0.00284087 54.2997
0.00128277 0.00217083 0.00263432 54.3997
0.00117341 0.00199097 0.00242314 54.4997
0.00106069 0.00180727 0.00220764 54.5997
0.0009448 0.0016201 0.00198815 54.6997
0.000826002 0.00142987 0.00176499 54.7997
0.000704563 0.00123695 0.00153848 54.8997
0.000580784 0.00104173 0.00130897 54.9997
0.000454989 0.000844572 0.00107679 55.0997
0.000327524 0.000645847 0.000842291 55.1997
0.000198755 0.000445906 0.00060584 55.2997
6.90631e-05 0.000245098 0.000367798 55.3997
-6.11574e-05 4.37596e-05 0.000128538 55.4997
-0.000191505 -0.000157776 -0.000111562 55.5997
-0.000321575 -0.000359182 -0.000352116 55.6997
-0.000450963 -0.000560138 -0.000592732 55.7997
-0.000579271 -0.000760324 -0.000833014 55.8997
-0.00070611 -0.000959422 -0.00107256 55.9997
-0.000831107 -0.00115711 -0.00131097 56.0997
-0.000953906 -0.00135308 -0.00154783 56.1997
-0.00107417 -0.001547 -0.00178273 56.2997
-0.0011916 -0.00173854 -0.00201527 56.3997
-0.00130591 -0.00192738 -0.00224503 56.4997
-0.00141685 -0.00211318 -0.00247161 56.5997
-0.00152421 -0.00229559 -0.00269459 56.6997
-0.00162778 -0.00247427 -0.00291358 56.7997
-0.00172743 -0.00264888 -0.00312817 56.8997
-0.00182302 -0.00281907 -0.00333795 56.9997
-0.00191447 -0.00298448 -0.00354254 57.0997
-0.00200171 -0.00314476 -0.00374154 57.1997
-0.0020847 -0.00329958 -0.00393457 57.2997
-0.00216342 -0.0034486 -0.00412123 57.3997
-0.00223789 -0.00359149 -0.00430117 57.4997
-0.00230812 -0.00372794 -0.004474 57.5997
-0.00237414 -0.00385764 -0.00463937 57.6997
-0.00243601 -0.00398033 -0.00479691 57.7997
-0.00249377 -0.00409573 -0.00494627 57.8997
-0.00254746 -0.00420362 -0.00508713 57.9997
-0.00259715 -0.00430378 -0.00521915 58.0997
-0.00264287 -0.00439602 -0.00534201 58.1997
-0.00268465 -0.00448019 -0.0054554 58.2997
-0.00272253 -0.00455616 -0.00555904 58.3997
-0.00275652 -0.00462381 -0.00565264 58.4997
-0.00278661 -0.00468308 -0.00573595 58.5997
-0.0028128 -0.00473392 -0.00580873 58.6997
-0.00283505 -0.00477628 -0.00587076 58.7997
-0.00285332 -0.00481018 -0.00592184 58.8997
-0.00286756 -0.00483563 -0.0059618 58.9997
-0.0028777 -0.00485265 -0.00599049 59.0997
-0.00288366 -0.00486131 -0.00600781 59.1997
-0.00288536 -0.00486165 -0.00601366 59.2997
-0.0028827 -0.00485375 -0.00600799 59.3997
-0.0028756 -0.00483768 -0.00599077 59.4997
-0.00286395 -0.00481352 -0.00596203 59.5997
-0.00284767 -0.00478135 -0.0059218 59.6997
-0.00282666 -0.00474125 -0.00587016 59.7997
-0.00280086 -0.00469329 -0.00580724 59.8997
-0.00277018 -0.00463755 -0.00573318 59.9997
-0.00273459 -0.00457409 -0.00564817 60.0997
-0.00269402 -0.00450298 -0.00555241 60.1997
-0.00264847 -0.00442427 -0.00544617 60.2997
-0.00259792 -0.00433803 -0.00532971 60.3997
-0.00254239 -0.0042443 -0.00520333 60.4996
-0.0024819 -0.00414315 -0.00506737 60.5996
-0.0024165 -0.00403462 -0.00492217 60.6996
-0.00234627 -0.0039188 -0.0047681 60.7996
-0.00227129 -0.00379574 -0.00460554 60.8996
-0.00219167 -0.00366554 -0.00443489 60.9996
-0.00210752 -0.0035283 -0.00425655 61.0996
-0.002019 -0.00338413 -0.00407094 61.1996
-0.00192624 -0.00323318 -0.00387846 61.2996
-0.00182941 -0.00307562 -0.00367953 61.3996
-0.00172869 -0.00291164 -0.00347458 61.4996
-0.00162428 -0.00274146 -0.003264 61.5996
-0.00151636 -0.00256534 -0.0030482 61.6996
-0.00140513 -0.00238356 -0.00282758 61.7996
-0.00129082 -0.00219644 -0.00260253 61.8996
-0.00117364 -0.00200433 -0.00237342 61.9996
-0.00105381 -0.00180761 -0.00214063 62.0996
-0.000931572 -0.00160668 -0.00190452 62.1996
-0.000807149 -0.00140198 -0.00166544 62.2996
-0.000680785 -0.00119397 -0.00142373 62.3996
-0.000552728 -0.000983137 -0.00117973 62.4996
-0.000423227 -0.000769966 -0.000933779 62.5996
-0.000292541 -0.00055497 -0.000686195 62.6996
-0.000160933 -0.000338665 -0.000437307 62.7996
-2.86724e-05 -0.000121575 -0.000187441 62.8996
0.000103964 9.57819e-05 6.30742e-05 62.9996
0.000236693 0.000312889 0.000313908 63.0996
0.000369226 0.00052924 0.000564723 63.1996
0.000501267 0.000744341 0.000815175 63.2996
0.000632516 0.000957716 0.00106491 63.3996
0.000762669 0.00116891 0.00131356 63.4996
0.000891418 0.00137748 0.00156076 63.5996
0.00101845 0.00158301 0.00180612 63.6996
0.00114346 0.00178513 0.00204923 63.7996
0.00126615 0.00198347 0.0022897 63.8996
0.0013862 0.0021777 0.0025271 63.9996
0.00150332 0.0023675 0.00276099 64.0996
0.00161722 0.00255258 0.00299094 64.1996
0.00172764 0.0027327 0.0032165 64.2996
0.0018343 0.0029076 0.00343721 64.3996
0.00193698 0.00307705 0.00365262 64.4996
0.00203544 0.00324086 0.00386226 64.5996
0.00212948 0.00339883 0.00406568 64.6996
0.00221894 0.00355076 0.00426243 64.7996
0.00230364 0.0036965 0.00445205 64.8996
0.00238348 0.00383585 0.00463411 64.9996
0.00245834 0.00396866 0.00480818 65.0996
0.00252816 0.00409476 0.00497385 65.1996
0.00259288 0.00421399 0.00513072 65.2996
0.0026525 0.00432616 0.00527842 65.3996
0.00270701 0.00443112 0.00541659 65.4996
0.00275644 0.00452869 0.0055449 65.5996
0.00280083 0.0046187 0.00566304 65.6996
0.00284025 0.00470097 0.00577073 65.7996
0.00287478 0.00477533 0.00586772 65.8996
0.00290451 0.00484161 0.00595378 65.9996
0.00292953 0.00489963 0.00602872 66.0996
0.00294993 0.00494924 0.00609236 66.1996
0.00296583 0.00499029 0.00614457 66.2996
0.00297732 0.00502264 0.00618524 66.3996
0.00298447 0.00504616 0.00621427 66.4996
0.00298739 0.00506074 0.00623162 66.5996
0.00298612 0.0050663 0.00623727 66.6996
0.00298072 0.00506276 0.0062312 66.7996
0.00297124 0.00505009 0.00621344 66.8996
0.00295767 0.00502826 0.00618406 66.9995
0.00294004 0.00499729 0.00614311 67.0995
0.00291831 0.0049572 0.00609071 67.1995
0.00289245 0.00490806 0.00602697 67.2995
0.00286242 0.00484995 0.00595205 67.3995
0.00282815 0.00478298 0.0058661 67.4995
0.00278956 0.00470731 0.00576933 67.5995
0.00274657 0.00462307 0.00566194 67.6995
0.0026991 0.00453046 0.00554416 67.7995
0.00264705 0.00442968 0.00541625 67.8995
0.00259034 0.00432093 0.00527848 67.9995
0.00252889 0.00420446 0.00513114 68.0995
0.00246264 0.0040805 0.00497453 68.1995
0.00239154 0.00394931 0.00480899 68.2995
0.00231554 0.00381113 0.00463486 68.3995
0.00223465 0.00366624 0.0044525 68.4995
0.00214887 0.0035149 0.00426228 68.5995
0.00205825 0.00335738 0.00406459 68.6995
0.00196286 0.00319394 0.00385983 68.7995
0.0018628 0.00302485 0.00364843 68.8995
0.00175823 0.00285038 0.00343079 68.9995
0.00164929 0.00267079 0.00320736 69.0995
0.00153621 0.00248636 0.00297857 69.1995
0.0014192 0.00229735 0.00274487 69.2995
0.00129854 0.00210404 0.0025067 69.3995
0.00117451 0.00190671 0.00226451 69.4995
0.00104743 0.00170563 0.00201875 69.5995
0.00091763 0.00150111 0.00176986 69.6995
0.000785472 0.00129345 0.0015183 69.7995
0.00065132 0.00108295 0.0012645 69.8995
0.000515554 0.000869965 0.00100889 69.9995
0.000378558 0.000654825 0.000751902 70.0995
0.00024072 0.000437897 0.000493952 70.1995
0.000102426 0.000219562 0.000235449 70.2995
-3.5943e-05 2.19603e-07 -2.32025e-05 70.3995
-0.000174014 -0.000219715 -0.000281611 70.4995
-0.000311424 -0.000439807 -0.000539392 70.5995
-0.000447827 -0.000659606 -0.000796167 70.6995
-0.00058289 -0.000878649 -0.00105157 70.7995
-0.000716297 -0.00109646 -0.00130523 70.8995
-0.000847755 -0.00131255 -0.0015568 70.9995
-0.000976986 -0.00152643 -0.00180591 71.0995
-0.00110373 -0.00173761 -0.00205222 71.1995
-0.00122776 -0.00194559 -0.00229538 71.2995
-0.00134885 -0.00214989 -0.00253503 71.3995
-0.00146681 -0.00235002 -0.00277082 71.4995
-0.00158144 -0.00254553 -0.00300239 71.5995
-0.0016926 -0.00273595 -0.00322939 71.6995
-0.00180012 -0.00292088 -0.00345144 71.7995
-0.00190386 -0.0030999 -0.00366818 71.8995
-0.00200371 -0.00327264 -0.00387923 71.9995
-0.00209954 -0.00343875 -0.0040842 72.0995
-0.00219124 -0.00359792 -0.00428271 72.1995
-0.00227872 -0.00374986 -0.00447437 72.2995
-0.00236188 -0.00389434 -0.00465878 72.3995
-0.00244063 -0.00403113 -0.00483553 72.4995
-0.00251489 -0.00416006 -0.00500423 72.5995
-0.00258458 -0.00428098 -0.00516449 72.6995
-0.00264963 -0.00439377 -0.0053159 72.7995
-0.00270996 -0.00449833 -0.00545809 72.8995
-0.00276551 -0.0045946 -0.00559067 72.9995
-0.00281623 -0.00468254 -0.00571329 73.0995
-0.00286205 -0.00476213 -0.00582559 73.1995
-0.00290294 -0.00483334 -0.00592726 73.2995
-0.00293885 -0.00489619 -0.00601798 73.3995
-0.00296975 -0.00495069 -0.00609748 73.4995
-0.00299563 -0.00499683 -0.00616551 73.5994
-0.00301646 -0.00503466 -0.00622184 73.6994
-0.00303225 -0.00506417 -0.00626631 73.7994
-0.003043 -0.00508538 -0.00629875 73.8994
-0.00304874 -0.0050983 -0.00631905 73.9994
-0.00304947 -0.00510294 -0.00632715 74.0994
-0.00304525 -0.00509928 -0.006323 74.1994
-0.00303611 -0.00508731 -0.00630661 74.2994
-0.0030221 -0.00506703 -0.00627803 74.3994
-0.00300328 -0.00503841 -0.00623734 74.4994
-0.00297971 -0.00500143 -0.00618467 74.5994
-0.00295145 -0.00495606 -0.00612016 74.6994
-0.00291858 -0.00490229 -0.00604401 74.7994
-0.00288115 -0.00484009 -0.00595644 74.8994
-0.00283924 -0.00476948 -0.00585772 74.9994
-0.0027929 -0.00469044 -0.00574811 75.0994
-0.0027422 -0.00460301 -0.00562794 75.1994
-0.00268719 -0.00450722 -0.00549751 75.2994
-0.00262793 -0.00440313 -0.00535719 75.3994
-0.00256446 -0.00429084 -0.00520733 75.4994
-0.00249683 -0.00417045 -0.00504831 75.5994
-0.00242506 -0.0040421 -0.00488051 75.6994
-0.00234919 -0.00390597 -0.00470434 75.7994
-0.00226926 -0.00376225 -0.00452019 75.8994
-0.0021853 -0.00361119 -0.00432847 75.9994
-0.00209733 -0.00345305 -0.00412957 76.0994
-0.00200539 -0.00328811 -0.00392393 76.1994
-0.00190952 -0.00311671 -0.00371192 76.2994
-0.00180978 -0.0029392 -0.00349398 76.3994
-0.00170622 -0.00275594 -0.00327049 76.4994
-0.00159891 -0.00256733 -0.00304187 76.5994
-0.00148795 -0.00237379 -0.0028085 76.6994
-0.00137345 -0.00217573 -0.0025708 76.7994
-0.00125554 -0.00197362 -0.00232916 76.8994
-0.00113438 -0.00176788 -0.00208397 76.9994
-0.00101015 -0.00155896 -0.00183562 77.0994
-0.000883056 -0.00134734 -0.00158452 77.1994
-0.000753337 -0.00113344 -0.00133105 77.2994
-0.000621255 -0.000917726 -0.00107562 77.3994
-0.0004871 -0.000700629 -0.000818619 77.4994
-0.000351186 -0.000482581 -0.000560445 77.5994
-0.000213854 -0.000264002 -0.000301502 77.6994
-7.54647e-05 -4.53005e-05 -4.21921e-05 77.7994
6.36013e-05 0.000173126 0.000217077 77.8994
0.000202948 0.000390892 0.000475898 77.9994
0.000342168 0.000607624 0.00073386 78.0994
0.000480845 0.00082296 0.00099055 78.1994
0.00061856 0.00103655 0.00124555 78.2994
0.000754895 0.00124804 0.00149846 78.3994
0.000889437 0.0014571 0.00174885 78.4994
0.00102178 0.0016634 0.00199632 78.5994
0.00115155 0.0018666 0.00224045 78.6994
0.00127836 0.00206639 0.00248083 78.7994
0.00140188 0.00226244 0.00271706 78.8994
0.00152177 0.00245443 0.00294873 78.9994
0.00163776 0.00264203 0.00317545 79.0994
0.00174957 0.00282491 0.00339683 79.1994
0.00185699 0.00300276 0.00361248 79.2994
0.00195982 0.00317524 0.00382203 79.3994
0.00205789 0.00334204 0.0040251 79.4994
0.00215109 0.00350282 0.00422133 79.5994
0.00223932 0.00365726 0.00441037 79.6994
0.00232251 0.00380505 0.00459187 79.7994
0.00240063 0.00394588 0.0047655 79.8994
0.00247369 0.00407946 0.00493092 79.9994
0.00254168 0.00420548 0.00508783 80.0993
0.00260466 0.00432369 0.0052359 80.1993
0.00266267 0.00443383 0.00537485 80.2993
0.00271577 0.00453566 0.00550437 80.3993
0.00276405 0.00462898 0.00562421 80.4993
0.00280757 0.0047136 0.00573409 80.5993
0.00284642 0.00478937 0.00583376 80.6993
0.00288067 0.00485614 0.00592299 80.7993
0.0029104 0.00491383 0.00600154 80.8993
0.00293567 0.00496236 0.00606921 80.9993
0.00295653 0.00500169 0.0061258 81.0993
0.00297303 0.0050318 0.00617116 81.1993
0.0029852 0.00505273 0.00620512 81.2993
0.00299305 0.0050645 0.00622755 81.3993
0.00299658 0.00506718 0.00623835 81.4993
0.0029958 0.00506087 0.00623744 81.5993
0.00299068 0.00504568 0.00622476 81.6993
0.00298118 0.00502172 0.00620029 81.7993
0.00296728 0.00498915 0.00616403 81.8993
0.00294892 0.00494811 0.00611603 81.9993
0.00292606 0.00489875 0.00605634 82.0993
0.00289865 0.00484125 0.00598509 82.1993
0.00286664 0.00477576 0.00590239 82.2993
0.00282998 0.00470244 0.00580843 82.3993
0.00278864 0.00462146 0.00570342 82.4993
0.0027426 0.00453297 0.00558759 82.5993
0.00269182 0.00443713 0.00546121 82.6993
0.00263632 0.00433408 0.0053246 82.7993
0.0025761 0.00422395 0.00517809 82.8993
0.00251118 0.00410689 0.00502204 82.9993
0.00244162 0.00398303 0.00485684 83.0993
0.00236747 0.00385249 0.00468291 83.1993
0.00228881 0.00371541 0.00450068 83.2993
0.00220575 0.00357192 0.00431061 83.3993
0.00211838 0.00342216 0.00411315 83.4993
0.00202686 0.00326627 0.00390879 83.5993
0.00193132 0.00310441 0.00369801 83.6993
0.00183192 0.00293677 0.00348131 83.7993
0.00172884 0.00276352 0.00325916 83.8993
0.00162226 0.00258489 0.00303207 83.9993
0.00151239 0.0024011 0.00280051 84.0993
0.00139942 0.00221243 0.00256496 84.1993
0.00128357 0.00201915 0.0023259 84.2993
0.00116506 0.00182159 0.00208378 84.3993
0.00104411 0.00162009 0.00183905 84.4993
0.000920965 0.00141503 0.00159213 84.5993
0.00079585 0.00120679 0.00134345 84.6993
0.000669006 0.000995823 0.00109342 84.7993
0.000540677 0.000782564 0.000842411 84.8993
0.00041111 0.000567489 0.000590818 84.9993
0.000280555 0.000351087 0.000339 85.0993
0.000149266 0.000133864 8.7312e-05 85.1993
1.75025e-05 -8.36664e-05 -0.000163902 85.2993
-0.000114472 -0.000300983 -0.000414304 85.3993
-0.000246391 -0.000517564 -0.000663565 85.4993
-0.000377979 -0.000732888 -0.000911357 85.5993
-0.00050896 -0.000946444 -0.00115736 85.6993
-0.00063905 -0.00115773 -0.00140124 85.7993
-0.000767963 -0.00136626 -0.00164267 85.8993
-0.000895405 -0.00157156 -0.00188134 85.9993
-0.00102108 -0.0017732 -0.00211689 86.0993
-0.0011447 -0.00197075 -0.00234901 86.1993
-0.00126596 -0.00216382 -0.00257733 86.2993
-0.00138456 -0.00235204 -0.0028015 86.3993
-0.00150021 -0.00253508 -0.00302118 86.4993
-0.00161263 -0.00271262 -0.00323599 86.5993
-0.00172152 -0.00288439 -0.00344555 86.6992
-0.00182663 -0.00305015 -0.0036495 86.7992
-0.00192769 -0.00320966 -0.00384744 86.8992
-0.00202446 -0.00336272 -0.004039 86.9992
-0.00211671 -0.00350916 -0.00422379 87.0992
-0.00220425 -0.00364882 -0.00440142 87.1992
-0.00228688 -0.00378155 -0.00457153 87.2992
-0.00236445 -0.00390724 -0.00473372 87.3992
-0.00243683 -0.00402576 -0.00488765 87.4992
-0.00250392 -0.00413701 -0.00503295 87.5992
-0.00256563 -0.00424088 -0.00516928 87.6992
-0.00262192 -0.00433728 -0.00529633 87.7992
-0.00267277 -0.00442612 -0.00541378 87.8992
-0.00271818 -0.00450729 -0.00552135 87.9992
-0.0027582 -0.00458072 -0.00561877 88.0992
-0.00279287 -0.0046463 -0.00570581 88.1992
-0.00282228 -0.00470394 -0.00578225 88.2992
-0.00284652 -0.00475354 -0.00584791 88.3992
-0.00286571 -0.00479502 -0.00590261 88.4992
-0.00287998 -0.00482827 -0.00594624 88.5992
-0.00288945 -0.00485323 -0.00597869 88.6992
-0.00289429 -0.00486979 -0.00599988 88.7992
-0.00289462 -0.00487791 -0.00600977 88.8992
-0.00289059 -0.00487751 -0.00600833 88.9992
-0.00288233 -0.00486855 -0.00599559 89.0992
-0.00286997 -0.00485099 -0.00597158 89.1992
-0.00285363 -0.00482483 -0.00593636 89.2992
-0.0028334 -0.00479008 -0.00589003 89.3992
-0.00280938 -0.00474676 -0.0058327 89.4992
-0.00278162 -0.00469492 -0.00576451 89.5992
-0.00275017 -0.00463465 -0.00568562 89.6992
-0.00271507 -0.00456604 -0.00559623 89.7992
-0.00267632 -0.00448923 -0.00549654 89.8992
-0.00263392 -0.00440436 -0.00538678 89.9992
-0.00258785 -0.00431162 -0.0052672 90.0992
-0.00253806 -0.00421119 -0.00513806 90.1992
-0.00248452 -0.0041033 -0.00499966 90.2992
-0.00242717 -0.00398819 -0.0048523 90.3992
-0.00236596 -0.00386611 -0.00469631 90.4992
-0.00230082 -0.00373734 -0.00453202 90.5992
-0.0022317 -0.00360215 -0.00435978 90.6992
-0.00215856 -0.00346083 -0.00417998 90.7992
-0.00208137 -0.00331369 -0.00399299 90.8992
-0.0020001 -0.00316101 -0.00379921 90.9992
-0.00191475 -0.00300312 -0.00359906 91.0992
-0.00182535 -0.0028403 -0.00339295 91.1992
-0.00173194 -0.00267286 -0.00318132 91.2992
-0.00163461 -0.0025011 -0.00296462 91.3992
-0.00153345 -0.00232532 -0.00274329 91.4992
-0.0014286 -0.00214579 -0.00251779 91.5992
-0.00132022 -0.00196282 -0.00228857 91.6992
-0.00120851 -0.00177669 -0.00205611 91.7992
-0.0010937 -0.00158767 -0.00182085 91.8992
-0.000976021 -0.00139605 -0.00158328 91.9992
-0.000855769 -0.0012021 -0.00134384 92.0992
-0.00073324 -0.00100611 -0.00110299 92.1992
-0.000608756 -0.000808364 -0.000861181 92.2992
-0.000482657 -0.000609155 -0.000618852 92.3992
-0.000355296 -0.000408781 -0.000376435 92.4992
-0.000227036 -0.000207553 -0.00013435 92.5992
-9.82441e-05 -5.79176e-06 0.000106995 92.6992
3.07071e-05 0.000196169 0.000347204 92.7992
0.000159449 0.000397981 0.000585893 92.8992
0.000287617 0.000599283 0.000822695 92.9992
0.000414856 0.000799699 0.00105725 93.0992
0.000540822 0.000998837 0.00128923 93.1992
0.000665186 0.0011963 0.00151829 93.2991
0.000787633 0.00139166 0.00174413 93.3991
0.000907871 0.0015845 0.00196643 93.4991
0.00102562 0.00177439 0.0021849 93.5991
0.00114063 0.0019609 0.00239927 93.6991
0.00125267 0.00214358 0.00260924 93.7991
0.00136152 0.00232201 0.00281454 93.8991
0.00146699 0.00249575 0.00301492 93.9991
0.00156891 0.0026644 0.00321009 94.0991
0.00166712 0.00282754 0.0033998 94.1991
0.00176149 0.0029848 0.00358378 94.2991
0.0018519 0.00313581 0.00376176 94.3991
0.00193824 0.00328023 0.00393348 94.4991
0.00202041 0.00341777 0.00409866 94.5991
0.00209834 0.00354814 0.00425702 94.6991
0.00217196 0.0036711 0.00440829 94.7991
0.00224119 0.00378643 0.00455218 94.8991
0.00230599 0.00389397 0.00468841 94.9991
0.00236631 0.00399357 0.00481669 95.0991
0.0024221 0.00408513 0.00493673 95.1991
0.00247333 0.00416857 0.00504825 95.2991
0.00251997 0.00424385 0.00515097 95.3991
0.00256198 0.00431096 0.00524461 95.4991
0.00259934 0.00436992 0.00532892 95.5991
0.00263204 0.00442076 0.00540363 95.6991
0.00266008 0.00446354 0.00546851 95.7991
0.00268343 0.00449833 0.00552333 95.8991
0.00270212 0.00452523 0.0055679 95.9991
0.00271615 0.00454432 0.00560205 96.0991
0.00272555 0.0045557 0.00562561 96.1991
0.00273033 0.00455948 0.00563848 96.2991
0.00273054 0.00455576 0.00564055 96.3991
0.00272623 0.00454464 0.00563177 96.4991
0.00271746 0.0045262 0.00561212 96.5991
0.00270428 0.00450053 0.00558162 96.6991
0.00268678 0.00446772 0.0055403 96.7991
0.00266503 0.00442781 0.00548826 96.8991
0.00263912 0.00438089 0.00542561 96.9991
0.00260914 0.004327 0.00535252 97.0991
0.00257519 0.00426618 0.00526917 97.1991
0.00253736 0.00419849 0.0051758 97.2991
0.00249576 0.00412395 0.00507266 97.3991
0.00245048 0.00404263 0.00496003 97.4991
0.00240162 0.00395455 0.00483823 97.5991
0.00234927 0.00385979 0.0047076 97.6991
0.00229351 0.0037584 0.00456849 97.7991
0.00223442 0.00365047 0.00442129 97.8991
0.00217209 0.00353608 0.00426638 97.9991
0.00210656 0.00341536 0.00410418 98.0991
0.00203791 0.00328844 0.00393509 98.1991
0.00196618 0.00315549 0.00375955 98.2991
0.00189141 0.00301668 0.00357796 98.3991
0.00181364 0.00287224 0.00339077 98.4991
0.00173292 0.0027224 0.00319841 98.5991
0.00164926 0.00256743 0.00300128 98.6991
0.00156271 0.00240762 0.00279983 98.7991
0.00147329 0.00224328 0.00259446 98.8991
0.00138106 0.00207476 0.00238558 98.9991
0.00128604 0.00190241 0.00217361 99.0991
0.00118831 0.00172662 0.00195893 99.1991
0.00108794 0.00154777 0.00174193 99.2991
0.000985002 0.00136626 0.001523 99.3991
0.000879616 0.00118251 0.00130251 99.4991
0.000771904 0.000996942 0.00108083 99.5991
0.000662017 0.000809962 0.000858316 99.6991
0.000550128 0.00062199 0.000635327 99.799
0.000436437 0.000433437 0.000412212 99.899
0.000321166 0.000244705 0.000189317 99.999
