0 0 0 0
0 0 0 0.1
1.98669e-06 0 0 0.2
7.7881e-06 3.97339e-08 0 0.3
1.89252e-05 2.3364e-07 7.94677e-10 0.4
3.64835e-05 7.96722e-07 6.24627e-09 0.5
6.10132e-05 2.05773e-06 2.75074e-08 0.6
9.24638e-05 4.45724e-06 8.93729e-08 0.7
0.00013016 8.52953e-06 2.38596e-07 0.8
0.000172815 1.48686e-05 5.53638e-07 0.9
0.000218594 2.40803e-05 1.15498e-06 1
0.000265204 3.67238e-05 2.21483e-06 1.1
0.000310025 5.32467e-05 3.96485e-06 1.2
0.000350265 7.39195e-05 6.70051e-06 1.3
0.000383127 9.87748e-05 1.07806e-05 1.4
0.00040599 0.000127557 1.66205e-05 1.5
0.000416575 0.00015969 2.46792e-05 1.6
0.000413108 0.00019426 3.5438e-05 1.7
0.000394446 0.00023003 4.93733e-05 1.8
0.000360181 0.000265476 6.69218e-05 1.9
0.0003107 0.000298844 8.84413e-05 2
0.0002472 0.000328242 0.000114169 2.1
0.000171662 0.000351737 0.000144178 2.2
8.67749e-05 0.00036748 0.000178338 2.3
-4.16998e-06 0.000373826 0.000216281 2.4
-9.74332e-05 0.000369461 0.000257375 2.5
-0.000188999 0.000353516 0.000300711 2.6
-0.000274769 0.000325665 0.000345103 2.7
-0.000350763 0.000286194 0.000389106 2.8
-0.000413315 0.000236042 0.000431051 2.9
-0.00045926 0.000176803 0.000469095 3
-0.000486092 0.000110689 0.000501294 3.1
-0.000492098 4.04511e-05 0.000525681 3.2
-0.000476445 -3.07331e-05 0.000540363 3.3
-0.000439234 -9.94097e-05 0.000543623 3.4
-0.000381501 -0.000162022 0.000534023 3.5
-0.000305178 -0.000215103 0.000510501 3.6
-0.000213013 -0.000255474 0.000472468 3.7
-0.00010845 -0.000280436 0.000419875 3.8
4.52085e-06 -0.000287953 0.000353277 3.9
0.000121538 -0.000276795 0.000273854 4
0.000238051 -0.000246658 0.000183418 4.1
0.000349516 -0.000198225 8.43802e-05 4.2
0.000451582 -0.000133185 -2.03095e-05 4.3
0.000540265 -5.41925e-05 -0.000127257 4.4
0.000612102 3.5228e-05 -0.000232743 4.5
0.000664282 0.000130827 -0.000332869 4.6
0.000694735 0.00022782 -0.000423722 4.7
0.000702204 0.000321122 -0.000501544 4.8
0.000686263 0.000405591 -0.000562912 4.9
0.000647319 0.000476304 -0.00060491 5
0.000586568 0.000528813 -0.000625284 5.1
0.000505932 0.000559395 -0.000622577 5.2
0.000407969 0.000565269 -0.000596229 5.3
0.000295764 0.000544766 -0.000546652 5.4
0.000172815 0.000497455 -0.000475246 5.5
4.29018e-05 0.000424197 -0.000384387 5.6
-9.00349e-05 0.000327142 -0.000277355 5.7
-0.000222021 0.000209653 -0.000158234 5.8
-0.000349161 7.6173e-05 -3.17552e-05 5.9
-0.000467746 -6.79723e-05 9.68824e-05 6
-0.000574347 -0.000216816 0.000222223 6.1
-0.000665893 -0.00036403 0.000338783 6.2
-0.00073974 -0.000503224 0.000441286 6.3
-0.000793725 -0.000628259 0.000524899 6.4
-0.000826212 -0.00073354 0.00058545 6.5
-0.000836119 -0.000814294 0.00061962 6.6
-0.000822947 -0.000866807 0.000625112 6.7
-0.000786789 -0.000888604 0.000600766 6.8
-0.00072834 -0.000878577 0.000546632 6.9
-0.000648893 -0.000837042 0.000463994 7
-0.000550324 -0.000765723 0.000355335 7.1
-0.000435077 -0.000667675 0.000224255 7.2
-0.000306123 -0.000547136 7.53371e-05 7.3
-0.000166919 -0.000409327 -8.60308e-05 7.4
-2.13425e-05 -0.000260204 -0.000253865 7.5
0.000126387 -0.000106178 -0.000421825 7.6
0.000271801 4.61874e-05 -0.000583473 7.7
0.000410298 0.000190472 -0.000732527 7.79999
0.00053727 0.000320692 -0.000863122 7.89999
0.000648247 0.000431568 -0.00097004 7.99999
0.000739046 0.000518746 -0.00104893 8.09999
0.000805934 0.000578976 -0.00109646 8.2
0.000845783 0.000610236 -0.00111048 8.3
0.000856222 0.000611793 -0.00109009 8.4
0.000835772 0.000584201 -0.00103566 8.5
0.000783962 0.000529243 -0.000948838 8.6
0.000701409 0.000449818 -0.000832451 8.7
0.000589869 0.000349779 -0.000690419 8.8
0.000452242 0.000233738 -0.000527582 8.9
0.000292528 0.000106841 -0.000349519 9
0.000115739 -2.547e-05 -0.000162329 9.1
-7.22367e-05 -0.000157694 2.75979e-05 9.2
-0.000264823 -0.000284502 0.000213819 9.3
-0.000454975 -0.000400951 0.000390074 9.4
-0.000635443 -0.00050266 0.000550509 9.5
-0.000799048 -0.000585961 0.00068988 9.6
-0.000938977 -0.000648007 0.000803734 9.7
-0.00104908 -0.000686837 0.000888554 9.8
-0.00112413 -0.000701405 0.000941865 9.9
-0.00116011 -0.000691561 0.000962311 10
-0.00115439 -0.000658011 0.00094968 10.1
-0.00110589 -0.000602235 0.000904895 10.2
-0.0010152 -0.000526389 0.000829967 10.3
-0.0008846 -0.000433193 0.000727913 10.4
-0.000717987 -0.000325802 0.000602636 10.5
-0.000520804 -0.000207687 0.00045879 10.6
-0.000299831 -8.25038e-05 0.000301615 10.7
-6.29422e-05 4.60149e-05 0.000136757 10.8
0.000181197 0.000174169 -2.99153e-05 10.9
0.000423472 0.000298382 -0.000192506 11
0.000654687 0.00041528 -0.000345279 11.1
0.000865946 0.000521754 -0.000482841 11.2
0.00104903 0.00061502 -0.000600311 11.3
0.00119673 0.00069266 -0.000693474 11.4
0.00130318 0.000752658 -0.000758915 11.5
0.00136409 0.000793435 -0.000794124 11.6
0.00137696 0.000813875 -0.000797582 11.7
0.00134116 0.000813347 -0.000768811 11.8
0.00125798 0.000791731 -0.000708396 11.9
0.0011306 0.000749439 -0.00061798 12
0.000963933 0.000687421 -0.000500214 12.1
0.000764422 0.00060718 -0.000358696 12.2
0.00053979 0.000510767 -0.000197861 12.3
0.000298702 0.000400762 -2.28529e-05 12.4
5.04157e-05 0.000280244 0.000160627 12.5
-0.000195606 0.000152736 0.0003465 12.6
-0.000430076 2.21369e-05 0.000528497 12.7
-0.00064426 -0.000107379 0.000700368 12.8
-0.000830316 -0.000231478 0.000856083 12.9
-0.0009816 -0.000345802 0.000990047 13
-0.00109291 -0.000446126 0.00109729 13.1
-0.00116067 -0.000528516 0.00117367 13.2
-0.00118303 -0.000589506 0.00121601 13.3
-0.00115991 -0.000626256 0.00122223 13.4
-0.00109296 -0.00063671 0.00119149 13.5
-0.000985472 -0.000619724 0.00112418 13.6
-0.000842164 -0.000575176 0.00102199 13.7
-0.000669001 -0.000504023 0.00088786 13.8
-0.000472915 -0.000408333 0.000725892 13.9
-0.000261512 -0.00029125 0.000541239 14
-4.27652e-05 -0.000156922 0.000339937 14.1
0.000175296 -1.03742e-05 0.000128697 14.2
0.000384885 0.000142669 -8.53238e-05 14.3
0.000578732 0.000295996 -0.000294785 14.4
0.000750331 0.000443162 -0.000492431 14.5
0.000894143 0.00057776 -0.000671364 14.6
0.00100575 0.000693703 -0.000825315 14.7
0.00108198 0.000785507 -0.000948886 14.8
0.00112094 0.000848553 -0.00103777 14.9
0.00112205 0.00087932 -0.00108893 15
0.00108597 0.000875576 -0.00110072 15.1
0.0010146 0.000836515 -0.00107298 15.2
0.000910867 0.000762825 -0.00100706 15.3
0.000778675 0.000656698 -0.000905737 15.4
0.000622694 0.000521762 -0.000773166 15.5
0.0004482 0.000362947 -0.000614697 15.6
0.000260895 0.000186283 -0.000436675 15.7
6.67206e-05 -1.34727e-06 -0.000246194 15.8
-0.000128318 -0.000192513 -5.08157e-05 15.9
-0.000318327 -0.000379562 0.000141728 16
-0.00049768 -0.000554959 0.000323847 16.1
-0.000661162 -0.000711635 0.000488389 16.2
-0.000804103 -0.000843301 0.000628931 16.3
-0.000922484 -0.000944739 0.000740028 16.4
-0.00101303 -0.00101204 0.00081743 16.5
-0.0010733 -0.00104276 0.000858242 16.6
-0.00110172 -0.00103608 0.000861035 16.7
-0.00109764 -0.000992771 0.000825885 16.8
-0.00106133 -0.000915184 0.000754362 16.9
-0.000993994 -0.000807129 0.000649448 17
-0.000897754 -0.00067368 0.000515402 17.1
-0.000775578 -0.00052093 0.000357575 17.2
-0.000631229 -0.000355704 0.000182178 17.3
-0.000469171 -0.00018523 -3.97727e-06 17.4
-0.000294452 -1.68105e-05 -0.000193757 17.5
-0.000112574 0.000142518 -0.000379998 17.6
7.06652e-05 0.000286294 -0.000555789 17.7
0.00024934 0.000408915 -0.000714738 17.8
0.000417583 0.000505872 -0.000851214 17.9
0.000569774 0.000573922 -0.000960548 18
0.000700735 0.000611199 -0.00103919 18.1
0.000805916 0.000617259 -0.00108483 18.2
0.000881572 0.000593051 -0.00109643 18.3
0.000924919 0.000540823 -0.00107423 18.4
0.000934258 0.000463976 -0.00101974 18.5
0.000909072 0.000366861 -0.000935566 18.6
0.000850074 0.000254541 -0.000825348 18.7
0.000759218 0.000132534 -0.000693532 18.8
0.000639655 6.53973e-06 -0.000545194 18.9
0.000495644 -0.000117827 -0.000385822 19
0.000332416 -0.000235285 -0.000221091 19.1
0.000155988 -0.000341104 -5.66425e-05 19.2
-2.70523e-05 -0.000431293 0.000102116 19.3
-0.000209797 -0.000502728 0.000250207 19.4
-0.000385288 -0.000553246 0.000383239 19.5
-0.000546794 -0.000581675 0.000497541 19.6
-0.000688086 -0.000587823 0.000590259 19.7
-0.000803696 -0.000572414 0.000659415 19.8
-0.000889146 -0.000536994 0.000703935 19.9
-0.000941144 -0.000483798 0.000723636 20
-0.000957721 -0.000415601 0.000719188 20.1
-0.000938324 -0.00033555 0.000692045 20.2
-0.00088384 -0.000247003 0.00064435 20.3
-0.000796559 -0.000153366 0.000578827 20.4
-0.000680078 -5.79483e-05 0.000498661 20.5
-0.000539139 3.61587e-05 0.000407363 20.6
-0.000379428 0.000126184 0.00030864 20.7
-0.000207324 0.000209746 0.000206269 20.8
-2.96158e-05 0.000284897 0.000103967 20.9
0.000146786 0.000350139 5.28316e-06 21
0.000315154 0.000404417 -8.65032e-05 21.1
0.000469227 0.000447092 -0.000168471 21.2
0.000603473 0.000477897 -0.000238128 21.3
0.000713315 0.000496894 -0.000293464 21.4
0.000795308 0.000504412 -0.000332993 21.5
0.00084726 0.000501 -0.000355774 21.6
0.000868293 0.000487378 -0.000361419 21.7
0.000858844 0.000464398 -0.000350089 21.8
0.000820598 0.000433017 -0.000322468 21.9
0.000756378 0.000394278 -0.000279738 22
0.000669965 0.000349301 -0.000223528 22.1
0.000565901 0.00029928 -0.000155861 22.2
0.000449244 0.000245489 -7.90913e-05 22.3
0.000325319 0.000189282 4.17006e-06 22.4
0.000199464 0.000132093 9.11336e-05 22.5
7.67816e-05 7.54322e-05 0.000178916 22.6
-3.80801e-05 2.08681e-05 0.000264629 22.7001
-0.000141118 -2.99997e-05 0.000345467 22.8001
-0.000229122 -7.55806e-05 0.000418796 22.9001
-0.000299777 -0.000114345 0.000482237 23.0001
-0.00035171 -0.000144886 0.000533746 23.1001
-0.000384493 -0.000165991 0.000571683 23.2001
-0.000398594 -0.000176712 0.000594866 23.3001
-0.000395284 -0.00017644 0.000602618 23.4001
-0.00037651 -0.000164963 0.000594788 23.5001
-0.00034474 -0.000142523 0.000571764 23.6001
-0.000302792 -0.00010984 0.000534454 23.7001
-0.000253657 -6.81314e-05 0.000484258 23.8001
-0.000200322 -1.90851e-05 0.000423014 23.9001
-0.000145615 3.51784e-05 0.000352928 24.0001
-9.20625e-05 9.2181e-05 0.000276487 24.1001
-4.17858e-05 0.000149185 0.00019636 24.2001
3.57684e-06 0.000203313 0.000115289 24.3001
4.29073e-05 0.000251686 3.59793e-05 24.4001
7.56108e-05 0.000291569 -3.90166e-05 24.5001
0.000101584 0.000320521 -0.000107401 24.6001
0.000121155 0.000336536 -0.000167227 24.7001
0.000134996 0.000338168 -0.000216977 24.8001
0.000144028 0.000324634 -0.000255625 24.9001
0.000149304 0.000295882 -0.000282667 25.0001
0.000151903 0.000252628 -0.000298139 25.1001
0.000152825 0.000196345 -0.000302595 25.2001
0.000152903 0.000129211 -0.000297072 25.3001
0.000152734 5.40266e-05 -0.000283024 25.4001
0.000152631 -2.59252e-05 -0.000262234 25.5001
0.000152608 -0.000107032 -0.000236719 25.6001
0.000152383 -0.00018554 -0.000208609 25.7001
0.000151416 -0.00025775 -0.000180039 25.8001
0.00014896 -0.000320224 -0.000153022 25.9001
0.000144135 -0.000369969 -0.00012935 26.0001
0.000136011 -0.00040462 -0.00011049 26.1001
0.000123699 -0.000422576 -9.75125e-05 26.2001
0.00010644 -0.000423105 -9.10363e-05 26.3001
8.36831e-05 -0.000406401 -9.12015e-05 26.4001
5.51544e-05 -0.000373592 -9.76707e-05 26.5001
2.09058e-05 -0.00032669 -0.000109658 26.6001
-1.86582e-05 -0.000268495 -0.000125987 26.7001
-6.27763e-05 -0.000202453 -0.000145165 26.8001
-0.000110351 -0.000132472 -0.000165489 26.9001
-0.000159991 -6.27091e-05 -0.000185153 27.0001
-0.000210075 2.65955e-06 -0.000202368 27.1001
-0.000258828 5.9673e-05 -0.000215483 27.2001
-0.000304411 0.000104813 -0.000223094 27.3001
-0.000345016 0.000135211 -0.000224147 27.4001
-0.000378959 0.000148817 -0.000218013 27.5001
-0.000404765 0.000144531 -0.000204543 27.6001
-0.000421244 0.000122277 -0.00018409 27.7001
-0.000427549 8.30259e-05 -0.000157511 27.8001
-0.000423217 2.87523e-05 -0.000126121 27.9001
-0.000408187 -3.76581e-05 -9.16333e-05 28.0001
-0.000382796 -0.000112559 -5.60662e-05 28.1001
-0.000347761 -0.000191734 -2.1629e-05 28.2001
-0.000304129 -0.000270628 9.40619e-06 28.3001
-0.000253231 -0.000344591 3.48407e-05 28.4001
-0.000196606 -0.000409138 5.26865e-05 28.5001
-0.000135937 -0.000460198 6.12959e-05 28.6001
-7.29711e-05 -0.000494343 5.94754e-05 28.7001
-9.45055e-06 -0.000508985 4.65784e-05 28.8001
5.29499e-05 -0.000502524 2.25703e-05 28.9001
0.000112676 -0.000474452 -1.19398e-05 29.0001
0.000168336 -0.000425387 -5.57001e-05 29.1001
0.000218721 -0.000357054 -0.000106854 29.2001
0.000262826 -0.000272201 -0.000163012 29.3001
0.00029984 -0.000174465 -0.000221354 29.4001
0.000329142 -6.81794e-05 -0.000278758 29.5001
0.000350282 4.18407e-05 -0.00033195 29.6001
0.000362954 0.000150554 -0.000377667 29.7001
0.00036698 0.00025295 -0.000412819 29.8001
0.000362285 0.000344312 -0.000434656 29.9001
0.000348889 0.000420454 -0.000440914 30.0001
0.000326896 0.000477938 -0.000429944 30.1001
0.000296505 0.000514242 -0.000400816 30.2001
0.000258022 0.000527891 -0.000353388 30.3001
0.000211881 0.000518517 -0.000288333 30.4001
0.000158679 0.000486873 -0.000207142 30.5001
9.92049e-05 0.000434785 -0.00011207 30.6001
3.44773e-05 0.000365049 -6.06165e-06 30.7001
-3.42319e-05 0.000281278 0.000107369 30.8001
-0.000105377 0.00018772 0.000224278 30.9001
-0.000177134 8.903e-05 0.000340456 31.0001
-0.000247416 -9.95422e-06 0.000451606 31.1001
-0.000313905 -0.000104456 0.000553524 31.2001
-0.000374111 -0.000189988 0.000642282 31.3001
-0.000425449 -0.000262557 0.000714396 31.4001
-0.000465337 -0.000318844 0.00076697 31.5001
-0.000491313 -0.000356345 0.000797828 31.6001
-0.000501163 -0.000373462 0.000805602 31.7001
-0.000493053 -0.000369552 0.000789795 31.8001
-0.000465664 -0.000344925 0.000750801 31.9001
-0.000418306 -0.000300798 0.000689893 32.0001
-0.000351032 -0.000239207 0.000609171 32.1001
-0.000264705 -0.000162885 0.000511481 32.2001
-0.000161047 -7.51126e-05 0.000400304 32.3001
-4.2644e-05 2.04497e-05 0.000279619 32.4001
8.70939e-05 0.000119933 0.00015375 32.5001
0.000224014 0.000219437 2.72048e-05 32.6001
0.000363348 0.000315187 -9.54956e-05 32.7001
0.000499875 0.000403687 -0.000209982 32.8001
0.000628128 0.000481837 -0.000312196 32.9001
0.000742617 0.000547032 -0.000398529 33.0001
0.000838075 0.000597228 -0.00046595 33.1001
0.000909707 0.000630977 -0.000512108 33.2001
0.000953432 0.00064744 -0.000535404 33.3001
0.000966104 0.000646365 -0.000535044 33.4001
0.000945702 0.000628056 -0.000511055 33.5001
0.000891477 0.000593319 -0.000464284 33.6001
0.000804046 0.000543392 -0.000396361 33.7001
0.000685424 0.000479884 -0.000309643 33.8001
0.000538999 0.000404695 -0.000207134 33.9001
0.000369433 0.000319957 -9.2389e-05 34.0001
0.000182511 0.00022796 3.06032e-05 34.1001
-1.50786e-05 0.000131108 0.000157542 34.2001
-0.000215998 3.18608e-05 0.000283953 34.3
-0.000412565 -6.73018e-05 0.000405322 34.4
-0.000597074 -0.000163917 0.000517238 34.5
-0.000762124 -0.000255573 0.000615531 34.6
-0.000900952 -0.000339937 0.000696402 34.7
-0.00100773 -0.000414795 0.000756547 34.8
-0.00107783 -0.000478085 0.000793264 34.9
-0.00110805 -0.000527942 0.000804555 35
-0.00109677 -0.000562752 0.000789195 35.1
-0.00104403 -0.000581204 0.000746797 35.2
-0.00095156 -0.000582351 0.000677838 35.3
-0.00082271 -0.00056568 0.000583676 35.4
-0.000662331 -0.000531161 0.000466527 35.5
-0.000476571 -0.000479313 0.000329424 35.6
-0.000272628 -0.000411234 0.000176146 35.7
-5.84484e-05 -0.000328636 1.11205e-05 35.8
0.0001576 -0.000233839 -0.0001607 35.9
0.000367077 -0.000129751 -0.000333983 36
0.000561814 -1.98106e-05 -0.000503182 36.1
0.000734247 9.20949e-05 -0.000662713 36.2
0.000877723 0.000201747 -0.000807149 36.3
0.000986758 0.000304741 -0.000931406 36.4
0.00105725 0.000396652 -0.00103094 36.5
0.00108661 0.000473224 -0.00110192 36.6
0.00107388 0.00053056 -0.0011414 36.7
0.00101971 0.000565324 -0.00114744 36.8
0.000926305 0.000574919 -0.00111923 36.9
0.000797355 0.00055766 -0.00105713 37
0.000637813 0.000512898 -0.000962735 37.1
0.000453702 0.000441123 -0.000838829 37.2
0.00025186 0.000343999 -0.000689323 37.3
3.96631e-05 0.000224367 -0.000519151 37.4
-0.000175265 8.61701e-05 -0.000334109 37.5
-0.000385337 -6.5661e-05 -0.000140661 37.6
-0.000583278 -0.000225386 5.42867e-05 37.7
-0.000762377 -0.000386675 0.000243641 37.8
-0.000916712 -0.000542872 0.000420389 37.9
-0.00104132 -0.00068728 0.000577872 38
-0.00113237 -0.000813466 0.000710052 38.1
-0.0011872 -0.00091556 0.000811761 38.2
-0.00120443 -0.00098854 0.000878925 38.3
-0.00118393 -0.00102849 0.000908738 38.4
-0.00112679 -0.0010328 0.000899807 38.5
-0.00103523 -0.00100034 0.000852224 38.6
-0.000912536 -0.00093153 0.00076759 38.7
-0.000762886 -0.000828355 0.000648973 38.8
-0.000591213 -0.000694324 0.00050081 38.9
-0.000403036 -0.000534328 0.000328744 39
-0.000204284 -0.000354444 0.000139416 39.1
-1.11533e-06 -0.000161681 -5.97883e-05 39.2
0.000200258 3.63323e-05 -0.000261031 39.3
0.000393747 0.000231677 -0.000456326 39.4
0.000573547 0.000416502 -0.000637861 39.5
0.000734295 0.000583381 -0.000798309 39.6
0.000871207 0.000725645 -0.000931123 39.7
0.000980204 0.000837684 -0.0010308 39.8
0.00105802 0.000915205 -0.00109311 39.9
0.0011023 0.000955415 -0.00111525 40
0.00111166 0.000957149 -0.00109598 40.1
0.00108574 0.000920912 -0.00103565 40.2
0.00102521 0.000848839 -0.000936185 40.3
0.000931834 0.000744594 -0.00080102 40.4
0.000808356 0.00061318 -0.000634943 40.5
0.000658508 0.000460708 -0.000443903 40.6
0.000486902 0.0002941 -0.000234771 40.7
0.000298924 0.000120771 -1.50618e-05 40.7999
0.000100591 -5.17126e-05 0.000207364 40.8999
-0.000101619 -0.000215968 0.000424609 40.9999
-0.000300951 -0.000365125 0.000629042 41.0999
-0.000490593 -0.000493116 0.000813592 41.1999
-0.00066389 -0.000594921 0.000972007 41.2999
-0.000814584 -0.000666768 0.00109908 41.3999
-0.000937036 -0.000706253 0.00119084 41.4999
-0.00102645 -0.000712413 0.00124466 41.5999
-0.00107906 -0.000685711 0.00125934 41.6999
-0.00109234 -0.000627976 0.00123511 41.7999
-0.00106508 -0.000542266 0.00117363 41.8999
-0.000997525 -0.000432695 0.00107782 41.9999
-0.00089139 -0.000304209 0.000951809 42.0999
-0.000749848 -0.000162348 0.000800674 42.1999
-0.000577453 -1.29751e-05 0.000630278 42.2999
-0.000380006 0.000137973 0.000447018 42.3999
-0.000164368 0.000284742 0.000257577 42.4999
6.17807e-05 0.000421986 6.86787e-05 42.5999
0.000290218 0.000544959 -0.000113153 42.6999
0.000512492 0.000649676 -0.000281823 42.7999
0.000720249 0.000733018 -0.000431863 42.8999
0.00090557 0.000792808 -0.000558605 42.9999
0.00106129 0.000827825 -0.000658318 43.0999
0.0011813 0.000837788 -0.000728309 43.1999
0.00126082 0.0008233 -0.000766978 43.2999
0.00129658 0.000785756 -0.000773842 43.3999
0.001287 0.000727237 -0.000749513 43.4999
0.00123228 0.000650378 -0.00069565 43.5999
0.00113434 0.000558236 -0.000614866 43.6999
0.000996843 0.000454155 -0.00051062 43.7999
0.000824988 0.000341632 -0.000387078 43.8999
0.000625325 0.000224202 -0.000248962 43.9999
0.000405485 0.000105331 -0.000101383 44.0999
0.000173863 -1.16716e-05 5.03304e-05 44.1999
-6.07308e-05 -0.000123723 0.000200804 44.2999
-0.000289437 -0.000228024 0.000344787 44.3999
-0.000503711 -0.000322097 0.000477313 44.4999
-0.00069568 -0.000403814 0.000593851 44.5999
-0.000858455 -0.000471416 0.000690437 44.6999
-0.000986413 -0.000523521 0.000763785 44.7999
-0.0010754 -0.000559137 0.000811387 44.8999
-0.00112291 -0.000577669 0.000831578 44.9999
-0.00112811 -0.00057892 0.000823585 45.0999
-0.0010919 -0.000563106 0.000787541 45.1999
-0.00101677 -0.000530854 0.000724484 45.2999
-0.000906747 -0.000483213 0.000636321 45.3999
-0.000767099 -0.000421653 0.000525767 45.4999
-0.000604137 -0.000348053 0.000396265 45.5999
-0.000424905 -0.000264689 0.000251876 45.6999
-0.000236864 -0.000174197 9.7156e-05 45.7999
-4.75707e-05 -7.95321e-05 -6.29911e-05 45.8999
0.000135642 1.61031e-05 -0.000223469 45.9999
0.000305959 0.000109338 -0.000379156 46.0999
0.000457341 0.000196735 -0.000525072 46.1999
0.000584746 0.000274908 -0.000656553 46.2999
0.000684289 0.000340648 -0.000769404 46.3999
0.000753349 0.000391061 -0.000860054 46.4999
0.000790613 0.000423697 -0.000925682 46.5999
0.000796061 0.000436683 -0.000964322 46.6999
0.0007709 0.000428837 -0.000974943 46.7999
0.000717444 0.000399757 -0.000957487 46.8999
0.000638953 0.000349886 -0.000912887 46.9999
0.000539447 0.00028054 -0.000843031 47.0999
0.000423492 0.000193901 -0.000750704 47.1999
0.00029599 9.29622e-05 -0.000639485 47.2999
0.000161954 -1.85654e-05 -0.000513617 47.3998
2.63115e-05 -0.000136384 -0.000377847 47.4998
-0.00010628 -0.000255777 -0.000237249 47.5998
-0.000231591 -0.00037181 -9.7021e-05 47.6998
-0.00034594 -0.000479543 3.77111e-05 47.7998
-0.00044628 -0.000574259 0.000162098 47.8998
-0.000530255 -0.000651688 0.000271758 47.9998
-0.000596218 -0.000708219 0.000362949 48.0998
-0.000643214 -0.000741087 0.000432717 48.1998
-0.000670945 -0.000748522 0.000479008 48.2998
-0.000679706 -0.000729854 0.000500749 48.3998
-0.000670316 -0.000685572 0.000497878 48.4998
-0.000644025 -0.000617315 0.000471338 48.5998
-0.000602433 -0.000527819 0.000423025 48.6998
-0.000547404 -0.000420799 0.000355695 48.7998
-0.000480982 -0.000300781 0.000272835 48.8998
-0.000405324 -0.000172894 0.000178503 48.9998
-0.000322643 -4.26288e-05 7.71424e-05 49.0998
-0.000235153 8.4432e-05 -2.66132e-05 49.1998
-0.000145038 0.00020288 -0.000128148 49.2998
-5.44213e-05 0.000307749 -0.000223062 49.3998
3.46559e-05 0.000394759 -0.00030736 49.4998
0.00012025 0.000460524 -0.000377616 49.5998
0.00020053 0.000502721 -0.000431108 49.6998
0.000273793 0.000520198 -0.000465924 49.7998
0.000338484 0.000513024 -0.000481018 49.8998
0.000393218 0.000482478 -0.000476231 49.9998
0.000436805 0.000430973 -0.00045227 50.0998
0.000468287 0.00036192 -0.000410644 50.1998
0.000486966 0.000279542 -0.000353566 50.2998
0.000492443 0.000188651 -0.000283827 50.3998
0.000484649 9.43869e-05 -0.000204637 50.4998
0.000463874 1.947e-06 -0.000119468 50.5998
0.000430782 -8.36826e-05 -3.18698e-05 50.6998
0.00038642 -0.000157987 5.46919e-05 50.7998
0.000332206 -0.000217149 0.000137 50.8998
0.000269908 -0.000258241 0.000212225 50.9998
0.000201597 -0.000279361 0.000278041 51.0998
0.000129587 -0.000279714 0.000332709 51.1998
5.63591e-05 -0.000259632 0.000375128 51.2998
-1.55297e-05 -0.000220535 0.000404852 51.3998
-8.35455e-05 -0.000164831 0.000422068 51.4998
-0.000145283 -9.57625e-05 0.000427547 51.5998
-0.000198569 -1.72184e-05 0.000422559 51.6998
-0.00024156 6.64942e-05 0.000408776 51.7998
-0.00027283 0.000150891 0.000388147 51.8998
-0.000291435 0.000231559 0.000362772 51.9998
-0.000296964 0.000304391 0.000334774 52.0998
-0.000289556 0.000365804 0.000306168 52.1998
-0.000269895 0.000412917 0.000278755 52.2998
-0.000239179 0.000443691 0.000254025 52.3998
-0.000199053 0.000457013 0.000233088 52.4998
-0.000151529 0.000452736 0.00021663 52.5998
-9.88794e-05 0.000431651 0.000204894 52.6998
-4.35199e-05 0.000395421 0.000197693 52.7998
1.21165e-05 0.000346457 0.000194446 52.8998
6.57045e-05 0.000287767 0.00019424 52.9998
0.000115145 0.000222764 0.000195905 53.0998
0.000158669 0.000155072 0.000198106 53.1998
0.000194918 8.83123e-05 0.000199447 53.2998
0.000223008 2.59076e-05 0.000198565 53.3998
0.000242548 -2.91019e-05 0.00019423 53.4998
0.000253648 -7.42119e-05 0.000185429 53.5998
0.000256877 -0.000107572 0.000171434 53.6998
0.000253204 -0.000128063 0.00015186 53.7998
0.000243912 -0.00013533 0.000126687 53.8997
0.000230492 -0.000129771 9.62733e-05 53.9997
0.000214523 -0.000112487 6.13391e-05 54.0997
0.000197552 -8.51862e-05 2.29283e-05 54.1997
0.000180974 -5.00681e-05 -1.76447e-05 54.2997
0.000165927 -9.68067e-06 -5.88662e-05 54.3997
0.000153202 3.32352e-05 -9.9104e-05 54.4997
0.000143184 7.59036e-05 -0.000136695 54.5997
0.000135818 0.000115666 -0.000170034 54.6997
0.000130614 0.000150117 -0.000197659 54.7997
0.000126675 0.000177222 -0.000218329 54.8997
0.00012277 0.000195406 -0.000231087 54.9997
0.000117425 0.000203607 -0.000235316 55.0997
0.000109042 0.000201306 -0.000230766 55.1997
9.60308e-05 0.000188518 -0.000217575 55.2997
7.69468e-05 0.000165759 -0.000196262 55.3997
5.0629e-05 0.000133982 -0.000167708 55.4997
1.63229e-05 9.45056e-05 -0.000133121 55.5997
-2.62159e-05 4.89125e-05 -9.3981e-05 55.6997
-7.6647e-05 -1.04101e-06 -5.19833e-05 55.7997
-0.000134007 -5.35255e-05 -8.96674e-06 55.8997
-0.000196706 -0.000106728 3.31586e-05 55.9997
-0.000262575 -0.000158933 7.24862e-05 56.0997
-0.000328939 -0.000208582 0.000107185 56.1997
-0.000392744 -0.000254323 0.000135569 56.2997
-0.000450701 -0.000295035 0.000156155 56.3997
-0.000499467 -0.000329836 0.000167718 56.4997
-0.000535827 -0.000358079 0.000169329 56.5997
-0.000556898 -0.000379328 0.000160392 56.6997
-0.000560304 -0.000393334 0.00014066 56.7997
-0.000544351 -0.0004 0.000110249 56.8997
-0.000508167 -0.000399348 6.96327e-05 56.9997
-0.000451797 -0.000391493 1.96368e-05 57.0997
-0.000376264 -0.000376621 -3.85817e-05 57.1997
-0.000283571 -0.000354982 -0.000103561 57.2997
-0.000176659 -0.000326885 -0.000173569 57.3997
-5.93043e-05 -0.000292718 -0.000246643 57.4997
6.40248e-05 -0.000252961 -0.000320638 57.5997
0.000188355 -0.000208218 -0.00039328 57.6997
0.000308431 -0.000159244 -0.000462221 57.7997
0.000418952 -0.000106977 -0.000525102 57.8997
0.000514831 -5.25537e-05 -0.000579621 57.9997
0.000591439 2.6761e-06 -0.000623598 58.0997
0.000644838 5.71556e-05 -0.00065505 58.1997
0.000671989 0.000109145 -0.000672258 58.2997
0.000670917 0.000156763 -0.000673838 58.3997
0.000640827 0.000198052 -0.000658805 58.4997
0.000582174 0.000231059 -0.000626636 58.5997
0.00049666 0.000253935 -0.000577313 58.6997
0.000387188 0.00026504 -0.000511364 58.7997
0.000257751 0.00026306 -0.000429888 58.8997
0.000113265 0.000247115 -0.000334553 58.9997
-4.06301e-05 0.00021686 -0.000227584 59.0997
-0.000197813 0.000172566 -0.000111726 59.1997
-0.000351944 0.000115179 9.8172e-06 59.2997
-0.000496735 4.63414e-05 0.000133468 59.3997
-0.000626219 -3.16147e-05 0.000255376 59.4997
-0.000735008 -0.000115723 0.000371544 59.5997
-0.000818512 -0.000202472 0.000477967 59.6997
-0.000873138 -0.000287933 0.000570781 59.7997
-0.000896426 -0.000367923 0.000646421 59.8997
-0.000887149 -0.000438197 0.000701774 59.9997
-0.00084535 -0.00049465 0.000734328 60.0997
-0.000772326 -0.000533538 0.000742302 60.1997
-0.000670565 -0.000551685 0.000724759 60.2997
-0.000543629 -0.00054668 0.000681687 60.3997
-0.000395996 -0.000517047 0.000614048 60.4996
-0.000232876 -0.000462372 0.000523787 60.5996
-5.99941e-05 -0.000383383 0.000413803 60.6996
0.000116633 -0.000281982 0.000287875 60.7996
0.000290928 -0.000161212 0.00015055 60.8996
0.000456977 -2.51643e-05 6.99019e-06 60.9996
0.000609237 0.00012117 -0.000137213 61.0996
0.000742724 0.000272097 -0.000276249 61.1996
0.000853168 0.00042147 -0.000404318 61.2996
0.000937145 0.000562962 -0.000515871 61.3996
0.000992159 0.00069036 -0.000605847 61.4996
0.0010167 0.00079787 -0.000669899 61.5996
0.00101027 0.000880402 -0.000704596 61.6996
0.00097334 0.000933831 -0.000707593 61.7996
0.000907351 0.000955221 -0.000677761 61.8996
0.0008146 0.000942995 -0.00061527 61.9996
0.000698169 0.000897035 -0.000521614 62.0996
0.000561809 0.000818725 -0.000399584 62.1996
0.000409816 0.00071091 -0.000253188 62.2996
0.000246903 0.000577792 -8.75105e-05 62.3996
7.80628e-05 0.00042475 9.14732e-05 62.4996
-9.15716e-05 0.000258108 0.000277122 62.5996
-0.00025686 8.48534e-05 0.000462391 62.6996
-0.000412792 -8.7685e-05 0.00064011 62.7996
-0.000554609 -0.00025217 0.000803272 62.8996
-0.000677935 -0.000401594 0.000945326 62.9996
-0.000778883 -0.000529607 0.00106044 63.0996
-0.000854164 -0.000630805 0.00114375 63.1996
-0.000901186 -0.000700978 0.00119158 63.2996
-0.00091813 -0.000737305 0.00120155 63.3996
-0.000904028 -0.000738471 0.00117274 63.4996
-0.00085881 -0.000704723 0.00110571 63.5996
-0.00078334 -0.000637849 0.00100248 63.6996
-0.000679429 -0.000541078 0.000866432 63.7996
-0.00054982 -0.000418924 0.000702237 63.8996
-0.000398149 -0.000276965 0.000515618 63.9996
-0.000228876 -0.000121578 0.000313149 64.0996
-4.71817e-05 4.03583e-05 0.000101984 64.1996
0.000141157 0.000201776 -0.000110413 64.2996
0.000329932 0.000355737 -0.000316566 64.3996
0.000512685 0.000495737 -0.000509273 64.4996
0.000682919 0.000615975 -0.00068188 64.5996
0.000834318 0.000711595 -0.00082853 64.6996
0.00096098 0.000778866 -0.000944377 64.7996
0.00105765 0.000815315 -0.00102576 64.8996
0.00111994 0.00081979 -0.00107032 64.9996
0.00114453 0.000792465 -0.00107708 65.0996
0.00112934 0.00073479 -0.00104645 65.1996
0.00107368 0.000649382 -0.00098019 65.2996
0.000978305 0.000539868 -0.000881342 65.3996
0.000845479 0.000410699 -0.000754069 65.4996
0.000678926 0.00026693 -0.000603501 65.5996
0.000483754 0.000113993 -0.000435525 65.6996
0.000266305 -4.25403e-05 -0.000256558 65.7996
3.39446e-05 -0.000197177 -7.33106e-05 65.8996
-0.000205189 -0.000344713 0.000107459 65.9996
-0.000442488 -0.000480416 0.000279186 66.0996
-0.000669199 -0.000600168 0.00043572 66.1996
-0.000876776 -0.000700583 0.000571537 66.2996
-0.00105722 -0.000779079 0.000681911 66.3996
-0.00120344 -0.000833918 0.000763066 66.4996
-0.00130951 -0.000864209 0.000812281 66.5996
-0.00137098 -0.000869875 0.000827966 66.6996
-0.00138509 -0.000851607 0.000809694 66.7996
-0.00135085 -0.000810782 0.000758196 66.8996
-0.00126919 -0.000749379 0.000675319 66.9995
-0.00114289 -0.000669878 0.000563947 67.0995
-0.000976504 -0.000575161 0.0004279 67.1995
-0.000776199 -0.00046841 0.00027179 67.2995
-0.000549513 -0.000353011 0.000100877 67.3995
-0.000305053 -0.000232464 -7.91134e-05 67.4995
-5.21477e-05 -0.000110301 -0.000262171 67.5995
0.000199534 9.98686e-06 -0.000442192 67.6995
0.000440378 0.000125022 -0.000613168 67.7995
0.00066122 0.000231601 -0.000769382 67.8995
0.000853722 0.000326752 -0.000905575 67.9995
0.00101071 0.000407797 -0.00101712 68.0995
0.00112647 0.000472401 -0.00110017 68.1995
0.00119695 0.000518635 -0.00115177 68.2995
0.00121995 0.000545028 -0.00116996 68.3995
0.00119515 0.000550619 -0.00115385 68.4995
0.00112412 0.000535012 -0.00110365 68.5995
0.00101025 0.000498413 -0.00102067 68.6995
0.000858557 0.00044167 -0.000907318 68.7995
0.000675452 0.000366285 -0.000766983 68.8995
0.000468477 0.000274417 -0.000603983 68.9995
0.000245961 0.000168863 -0.000423415 69.0995
1.6673e-05 5.30056e-05 -0.000231002 69.1995
-0.00021054 -6.92589e-05 -3.29079e-05 69.2995
-0.00042711 -0.000193622 0.000164459 69.3995
-0.000625081 -0.000315493 0.000354664 69.4995
-0.000797404 -0.000430153 0.000531466 69.5995
-0.000938192 -0.000532926 0.000689035 69.6995
-0.00104291 -0.000619364 0.000822165 69.7995
-0.0011085 -0.000685443 0.000926465 69.8995
-0.00113345 -0.000727745 0.000998527 69.9995
-0.00111782 -0.000743635 0.00103606 70.0995
-0.00106314 -0.000731416 0.001038 70.1995
-0.000972288 -0.000690442 0.00100456 70.2995
-0.000849376 -0.000621205 0.000937212 70.3995
-0.000699495 -0.000525364 0.000838698 70.4995
-0.000528499 -0.000405723 0.000712902 70.5995
-0.00034276 -0.000266166 0.000564733 70.6995
-0.000148907 -0.000111523 0.000399947 70.7995
4.64178e-05 5.26023e-05 0.000224931 70.8995
0.000236794 0.00022005 4.64687e-05 70.9995
0.00041623 0.000384361 -0.000128522 71.0995
0.000579343 0.000539052 -0.000293255 71.1995
0.000721504 0.000677903 -0.000441342 71.2995
0.000838947 0.000795241 -0.000567044 71.3995
0.00092884 0.000886207 -0.0006655 71.4995
0.000989319 0.000946991 -0.000732922 71.5995
0.00101949 0.000975024 -0.000766746 71.6995
0.00101941 0.000969111 -0.000765735 71.7995
0.000990014 0.000929507 -0.000730026 71.8995
0.000933055 0.000857923 -0.000661127 71.9995
0.000851013 0.00075746 -0.000561847 72.0995
0.000746988 0.000632482 -0.000436181 72.1995
0.000624593 0.000488421 -0.000289141 72.2995
0.000487838 0.000331532 -0.00012655 72.3995
0.000341018 0.000168607 4.52021e-05 72.4995
0.000188597 6.66291e-06 0.000219423 72.5995
3.5098e-05 -0.000147388 0.000389388 72.6995
-0.00011501 -0.000287053 0.000548618 72.7995
-0.000257412 -0.000406564 0.000691134 72.8995
-0.000388052 -0.000501138 0.000811696 72.9995
-0.00050323 -0.000567193 0.000906002 73.0995
-0.000599688 -0.000602506 0.000970844 73.1995
-0.0006747 -0.000606295 0.00100422 73.2995
-0.000726147 -0.000579241 0.00100538 73.3995
-0.00075258 -0.000523434 0.000974855 73.4995
-0.00075328 -0.000442244 0.000914362 73.5994
-0.00072829 -0.000340142 0.000826736 73.6994
-0.00067844 -0.000222466 0.000715772 73.7994
-0.000605342 -9.5144e-05 0.000586044 73.8994
-0.000511369 3.55974e-05 0.000442692 73.9994
-0.000399602 0.000163541 0.000291198 74.0994
-0.000273756 0.000282776 0.000137151 74.1994
-0.000138076 0.000387967 -1.3983e-05 74.2994
2.78627e-06 0.000474598 -0.000157078 74.3994
0.000143926 0.00053916 -0.00028754 74.4994
0.000280348 0.000579282 -0.000401468 74.5994
0.000407146 0.000593812 -0.000495781 74.6994
0.000519683 0.000582815 -0.000568302 74.7994
0.000613778 0.000547534 -0.000617801 74.8994
0.000685871 0.000490272 -0.000643993 74.9994
0.000733178 0.000414236 -0.0006475 75.0994
0.000753815 0.000323343 -0.000629772 75.1994
0.000746895 0.000221999 -0.000592981 75.2994
0.000712576 0.000114852 -0.000539891 75.3994
0.000652075 6.56518e-06 -0.000473707 75.4994
0.000567632 -9.8417e-05 -0.000397916 75.5994
0.000462432 -0.000196068 -0.000316136 75.6994
0.000340479 -0.000282951 -0.000231955 75.7994
0.000206438 -0.000356345 -0.000148793 75.8994
6.54408e-05 -0.000414332 -6.97823e-05 75.9994
-7.71322e-05 -0.000455833 2.33735e-06 76.0994
-0.000215878 -0.000480596 6.52936e-05 76.1994
-0.000345606 -0.000489148 0.000117332 76.2994
-0.000461559 -0.000482699 0.000157241 76.3994
-0.000559621 -0.000463028 0.000184351 76.4994
-0.000636487 -0.000432341 0.000198513 76.5994
-0.000689804 -0.000393121 0.000200059 76.6994
-0.000718256 -0.00034797 0.00018974 76.7994
-0.000721609 -0.000299471 0.000168668 76.8994
-0.0007007 -0.000250052 0.000138233 76.9994
-0.000657371 -0.00020188 0.000100032 77.0994
-0.000594362 -0.00015678 5.57927e-05 77.1994
-0.000515161 -0.00011618 7.30215e-06 77.2994
-0.000423814 -8.10897e-05 -4.36581e-05 77.3994
-0.00032472 -5.21055e-05 -9.5367e-05 77.4994
-0.000222406 -2.94388e-05 -0.000146211 77.5994
-0.000121308 -1.29669e-05 -0.000194719 77.6994
-2.55564e-05 -2.29689e-06 -0.000239592 77.7994
6.1212e-05 3.16205e-06 -0.000279719 77.8994
0.000136013 4.12437e-06 -0.000314189 77.9994
0.000196631 1.35818e-06 -0.000342292 78.0994
0.000241699 -4.37555e-06 -0.000363523 78.1994
0.000270717 -1.23707e-05 -0.00037757 78.2994
0.000284033 -2.20081e-05 -0.000384313 78.3994
0.000282775 -3.27708e-05 -0.000383811 78.4994
0.000268743 -4.42434e-05 -0.000376287 78.5994
0.000244265 -5.60972e-05 -0.000362123 78.6994
0.000212032 -6.80642e-05 -0.000341838 78.7994
0.000174916 -7.99047e-05 -0.000316078 78.8994
0.000135794 -9.13723e-05 -0.000285594 78.9994
9.73625e-05 -0.000102181 -0.000251226 79.0994
6.19901e-05 -0.00011198 -0.000213877 79.1994
3.15834e-05 -0.000120337 -0.000174489 79.2994
7.49334e-06 -0.000126739 -0.000134019 79.3994
-9.54103e-06 -0.000130602 -9.34036e-05 79.4994
-1.94062e-05 -0.000131299 -5.35319e-05 79.5994
-2.25869e-05 -0.000128204 -1.52155e-05 79.6994
-2.00997e-05 -0.000120736 2.08412e-05 79.7994
-1.33924e-05 -0.000108424 5.40663e-05 79.8994
-4.21725e-06 -9.0962e-05 8.40415e-05 79.9994
5.51423e-06 -6.82647e-05 0.000110517 80.0993
1.38851e-05 -4.05161e-05 0.000133416 80.1993
1.91248e-05 -8.2009e-06 0.000152837 80.2993
1.97498e-05 2.78816e-05 0.000169037 80.3993
1.46834e-05 6.66246e-05 0.000182414 80.4993
3.3475e-06 0.000106645 0.000193476 80.5993
-1.42803e-05 0.000146335 0.0002028 80.6993
-3.76464e-05 0.000183943 0.000210996 80.7993
-6.56416e-05 0.00021766 0.00021865 80.8993
-9.66576e-05 0.00024573 0.000226284 80.9993
-0.00012868 0.000266564 0.000234308 81.0993
-0.000159408 0.000278848 0.000242976 81.1993
-0.000186399 0.00028165 0.000252362 81.2993
-0.00020722 0.000274504 0.000262334 81.3993
-0.000219609 0.000257481 0.000272549 81.4993
-0.000221626 0.000231218 0.000282463 81.5993
-0.000211788 0.000196922 0.000291352 81.6993
-0.000189182 0.000156341 0.000298352 81.7993
-0.000153544 0.000111689 0.000302512 81.8993
-0.00010531 6.55494e-05 0.000302856 81.9993
-4.56142e-05 2.07387e-05 0.000298453 82.0993
2.37396e-05 -1.98449e-05 0.000288496 82.1993
0.00010035 -5.33899e-05 0.000272373 82.2993
0.000181322 -7.73449e-05 0.000249734 82.3993
0.000263404 -8.9585e-05 0.000220553 82.4993
0.000343137 -8.85625e-05 0.00018517 82.5993
0.000417024 -7.34314e-05 0.000144312 82.6993
0.000481699 -4.41363e-05 9.90993e-05 82.7993
0.000534093 -1.45978e-06 5.10218e-05 82.8993
0.000571581 5.29774e-05 1.89471e-06 82.9993
0.00059211 0.000116765 -4.62107e-05 83.0993
0.0005943 0.0001868 -9.10567e-05 83.1993
0.000577511 0.000259428 -0.000130345 83.2993
0.000541869 0.000330622 -0.000161839 83.3993
0.000488265 0.000396192 -0.000183483 83.4993
0.000418311 0.000452009 -0.000193533 83.5993
0.000334267 0.000494242 -0.000190673 83.6993
0.000238941 0.000519578 -0.000174115 83.7993
0.000135563 0.000525426 -0.000143682 83.8993
2.7651e-05 0.000510095 -9.98677e-05 83.9993
-8.11357e-05 0.000472916 -4.38538e-05 84.0993
-0.000187143 0.000414321 2.24954e-05 84.1993
-0.000286859 0.000335859 9.66811e-05 84.2993
-0.000377045 0.00024016 0.00017565 84.3993
-0.000454843 0.000130827 0.00025591 84.4993
-0.000517861 1.22814e-05 0.000333668 84.5993
-0.000564246 -0.000110439 0.000404998 84.6993
-0.000592719 -0.000231927 0.000466019 84.7993
-0.000602596 -0.000346671 0.000513082 84.8993
-0.000593783 -0.000449339 0.000542949 84.9993
-0.000566753 -0.000535051 0.000552971 85.0993
-0.000522505 -0.000599635 0.000541232 85.1993
-0.000462515 -0.00063986 0.000506676 85.2993
-0.000388672 -0.000653608 0.000449189 85.3993
-0.000303217 -0.00064 0.000369646 85.4993
-0.00020867 -0.000599464 0.00026991 85.5993
-0.000107767 -0.000533725 0.000152787 85.6993
-3.39331e-06 -0.000445736 2.19336e-05 85.7993
0.000101482 -0.000339547 -0.000118273 85.8993
0.000203862 -0.000220112 -0.000262906 85.9993
0.000300783 -9.30533e-05 -0.000406682 86.0993
0.000389367 3.56096e-05 -0.000544186 86.1993
0.000466882 0.000159752 -0.000670094 86.2993
0.000530797 0.000273439 -0.000779405 86.3993
0.000578839 0.000371217 -0.000867659 86.4993
0.000609059 0.00044837 -0.000931136 86.5993
0.000619889 0.000501147 -0.000967022 86.6992
0.00061021 0.000526935 -0.000973546 86.7992
0.000579413 0.000524379 -0.000950059 86.8992
0.000527454 0.000493435 -0.000897084 86.9992
0.000454906 0.000435361 -0.000816298 87.0992
0.000362996 0.000352644 -0.000710479 87.1992
0.000253628 0.000248872 -0.000583398 87.2992
0.000129379 0.00012855 -0.000439671 87.3992
-6.52204e-06 -3.11989e-06 -0.00028458 87.4992
-0.000150245 -0.000140487 -0.00012386 87.5992
-0.000297441 -0.000277717 3.65279e-05 87.6992
-0.000443356 -0.000409057 0.000190631 87.7992
-0.000582965 -0.000529088 0.00033274 87.8992
-0.000711141 -0.000632961 0.000457613 87.9992
-0.000822838 -0.000716586 0.000560674 88.0992
-0.000913293 -0.00077679 0.000638189 88.1992
-0.00097823 -0.000811426 0.000687406 88.2992
-0.00101406 -0.00081942 0.000706645 88.3992
-0.00101808 -0.000800786 0.000695364 88.4992
-0.000988625 -0.000756575 0.000654159 88.5992
-0.000925206 -0.000688791 0.00058474 88.6992
-0.000828607 -0.000600264 0.00048985 88.7992
-0.000700917 -0.000494501 0.000373158 88.8992
-0.000545522 -0.000375514 0.000239112 88.9992
-0.000367033 -0.000247634 9.27745e-05 89.0992
-0.000171157 -0.000115334 -6.03716e-05 89.1992
3.54864e-05 1.69483e-05 -0.000214617 89.2992
0.0002456 0.00014497 -0.000364231 89.3992
0.000451478 0.000264821 -0.000503661 89.4992
0.000645317 0.000373035 -0.000627721 89.5992
0.000819531 0.00046668 -0.000731767 89.6992
0.00096708 0.000543413 -0.000811843 89.7992
0.00108178 0.000601514 -0.000864814 89.8992
0.00115859 0.000639893 -0.000888459 89.9992
0.00119385 0.00065808 -0.000881536 90.0992
0.00118548 0.00065619 -0.000843821 90.1992
0.00113311 0.000634885 -0.000776106 90.2992
0.00103813 0.000595324 -0.000680172 90.3992
0.000903645 0.00053911 -0.000558727 90.4992
0.00073443 0.00046823 -0.000415326 90.5992
0.000536713 0.000385003 -0.000254253 90.6992
0.000317957 0.000292025 -8.03952e-05 90.7992
8.65625e-05 0.000192117 0.000100911 90.8992
-0.000148475 8.82737e-05 0.000284041 90.9992
-0.000377933 -1.63891e-05 0.000463256 91.0992
-0.00059274 -0.00011869 0.000632878 91.1992
-0.000784363 -0.00021544 0.000787469 91.2992
-0.000945155 -0.000303511 0.000922001 91.3992
-0.00106868 -0.000379904 0.00103202 91.4992
-0.00114998 -0.000441835 0.00111381 91.5992
-0.00118578 -0.000486815 0.00116448 91.6992
-0.00117462 -0.000512749 0.00118212 91.7992
-0.0011169 -0.000518023 0.00116587 91.8992
-0.00101486 -0.000501597 0.00111594 91.9992
-0.000872494 -0.000463085 0.00103366 92.0992
-0.000695337 -0.000402827 0.000921443 92.1992
-0.000490256 -0.000321933 0.000782742 92.2992
-0.000265146 -0.000222312 0.000621947 92.3992
-2.86015e-05 -0.000106663 0.000444267 92.4992
0.000210436 2.15658e-05 0.000255568 92.5992
0.000443037 0.000158252 6.21895e-05 92.6992
0.000660639 0.000298713 -0.000129268 92.7992
0.00085537 0.000437853 -0.000312166 92.8992
0.00102034 0.000570343 -0.000480063 92.9992
0.00114991 0.000690824 -0.000626952 93.0992
0.00123981 0.000794132 -0.000747486 93.1992
0.00128736 0.000875521 -0.000837187 93.2991
0.00129146 0.000930893 -0.000892635 93.3991
0.00125259 0.000957005 -0.000911611 93.4991
0.00117279 0.000951657 -0.000893216 93.5991
0.00105548 0.000913834 -0.000837922 93.6991
0.000905327 0.000843808 -0.000747594 93.7991
0.000728022 0.000743185 -0.000625438 93.8991
0.000530039 0.000614887 -0.000475909 93.9991
0.000318382 0.000463075 -0.000304564 94.0991
0.000100321 0.000293017 -0.000117867 94.1991
-0.000116863 0.000110887 7.70482e-05 94.2991
-0.00032613 -7.64746e-05 0.00027264 94.3991
-0.0005209 -0.000261847 0.00046125 94.4991
-0.000695253 -0.000437939 0.000635397 94.5991
-0.000844092 -0.00059771 0.000788078 94.6991
-0.000963271 -0.000734693 0.000913044 94.7991
-0.00104969 -0.000843293 0.00100505 94.8991
-0.00110134 -0.000919053 0.0010601 94.9991
-0.00111735 -0.000958877 0.00107556 95.0991
-0.00109792 -0.000961181 0.00105033 95.1991
-0.00104435 -0.00092599 0.000984872 95.2991
-0.000958904 -0.000854949 0.000881196 95.3991
-0.000844762 -0.000751264 0.000742798 95.4991
-0.000705892 -0.000619568 0.000574518 95.5991
-0.000546927 -0.000465717 0.000382356 95.6991
-0.000373033 -0.000296528 0.000173233 95.7991
-0.00018976 -0.000119474 -4.52849e-05 95.8991
-2.88864e-06 5.76579e-05 -0.000265287 95.9991
0.000181718 0.00022712 -0.00047883 96.0991
0.000358278 0.000381555 -0.000678254 96.1991
0.000521241 0.000514328 -0.000856482 96.2991
0.000665443 0.000619824 -0.00100729 96.3991
0.000786251 0.000693689 -0.00112556 96.4991
0.000879703 0.000733021 -0.00120745 96.5991
0.000942627 0.000736477 -0.00125052 96.6991
0.000972756 0.000704316 -0.00125386 96.7991
0.000968813 0.00063836 -0.00121803 96.8991
0.000930576 0.000541885 -0.00114507 96.9991
0.000858917 0.000419446 -0.00103838 97.0991
0.000755806 0.000276639 -0.000902525 97.1991
0.000624281 0.000119832 -0.00074309 97.2991
0.000468385 -4.4144e-05 -0.000566396 97.3991
0.000293065 -0.000208315 -0.000379257 97.4991
0.000104033 -0.000365877 -0.0001887 97.5991
-9.24053e-05 -0.000510497 -1.68588e-06 97.6991
-0.000289552 -0.000636579 0.000175152 97.7991
-0.000480541 -0.000739486 0.000335755 97.8991
-0.000658579 -0.000815709 0.000474853 97.9991
-0.0008172 -0.000862978 0.00058814 98.0991
-0.000950507 -0.00088031 0.000672405 98.1991
-0.00105341 -0.000867991 0.000725615 98.2991
-0.00112185 -0.000827508 0.000746954 98.3991
-0.00115295 -0.000761423 0.000736803 98.4991
-0.00114519 -0.000673204 0.000696687 98.5991
-0.00109848 -0.000567027 0.000629174 98.6991
-0.00101418 -0.000447555 0.000537736 98.7991
-0.000895099 -0.000319709 0.000426593 98.8991
-0.000745389 -0.000188445 0.000300524 98.9991
-0.00057041 -5.85411e-05 0.000164675 99.0991
-0.000376527 6.55901e-05 2.43623e-05 99.1991
-0.00017087 0.000180054 -0.000115126 99.2991
3.8953e-05 0.000281597 -0.000248711 99.3991
0.000245156 0.00036768 -0.000371689 99.4991
0.000440098 0.000436525 -0.000479881 99.5991
0.000616593 0.000487114 -0.000569744 99.6991
0.000768209 0.000519155 -0.00063847 99.799
0.000889537 0.000533025 -0.000684043 99.899
0.000976412 0.000529683 -0.000705275 99.999
